0,1,2-0,1,2,3,4,5,6,7,8,9,10,11,12,13
2,3,4-0,1,2,3,4,5,6,8,9,10,11,12,13,14
2,3,4-0,1,3,4,5,6,7,8,9,11,12,13,14,15
3,5-0,1,2,3,4,5,6,8,9,10,11,12,13,14
2,3,4-0,1,2,3,4,5,6,7,8,9,10,11,12,13
1,2,3,4-0,1,2,3,4,5,6,8,9,10,11,12,13
1,2,3,4-0,1,2,3,4,5,6,8,9,10,11,12,13,14
1,2,3,4-0,1,2,3,4,5,6,8,9,10,11,12,13,14
1,3-0,1,2,3,4,5,6,7,8,9,11,12,13,14,15
1,3-0,1,2,3,4,5,6,8,9,10,11,12,13,14
2,3,6-0,1,2,3,4,5,6,8,9,11,12,13,14
2,3,6-0,1,3,4,5,6,7,8,9,11,13,15
2,3,6-0,1,2,3,4,5,6,8,9,10,11,12,13,14
1,3,4,5-0,1,2,3,4,5,6,7,8,9,11,12,13
3-0,1,2,3,4,5,6,8,9,11,12,13
3-0,1,2,3,4,5,6,8,9,11,12,13,14
3-0,1,2,3,4,5,6,7,8,9,11,12,13,14
3-0,1,2,3,4,5,6,8,9,11,12,13,14
1,3-0,1,2,3,4,5,6,8,9,11,13,14
3-0,1,2,3,4,5,6,8,9,10,11,12,13,14
1,3,5-0,1,2,3,4,5,6,8,9,10,11,12,13
1,3-0,1,2,3,4,5,6,8,9,11,12,13,14,16
3-0,1,2,3,4,5,6,8,9,10,11,12,13,14
1,3-0,1,2,3,4,5,6,8,10,11,12,13,14
-0,1,2,3,4,5,6,8,9,10,11,12,13,14
3-0,1,2,3,4,5,6,8,9,10,11,12,13,14
3-0,1,2,3,4,5,6,8,9,10,11,12,13,14
-0,1,2,3,4,5,6,8,9,11,12,13,14
3-0,1,2,3,4,5,6,8,9,10,11,12,13
1-0,1,2,3,4,5,6,8,9,11,12,13
3-0,1,2,3,4,5,6,8,9,10,11,12,13
3-0,1,2,3,4,5,6,8,9,11,12,13
3-1,2,3,4,5,6,8,11,12,13,15,17
3-1,2,3,4,5,6,8,10,11,12,13,14
3-1,2,3,4,5,6,8,11,12,13
3,7-1,2,3,4,5,6,8,11,12,13,14,17
1,3-1,2,3,4,5,6,7,8,11,12,13,14
1,3,7-1,2,3,4,5,6,8,9,11,12,13
3-1,2,3,4,5,6,8,9,10,11,12,13,14
3-0,1,2,3,4,5,6,8,9,10,11,12,13,14
3-0,1,2,3,4,5,6,8,9,10,11,12,13,14
3-0,1,2,3,4,5,6,8,9,10,11,12,13
3-0,1,2,3,4,5,6,8,9,10,11,12,13
1,3-0,1,2,3,4,5,6,8,9,10,11,12,13,17
3-0,1,2,3,4,5,6,8,9,10,11,12,13,17
3-0,1,2,3,4,5,6,8,9,10,11,12,13,17
-0,1,2,3,4,5,6,8,9,10,11,12,13,17,18
-0,1,2,3,5,6,8,9,10,11,12,13,17
3-1,2,3,5,6,8,9,10,11,12,13,14
-0,1,2,3,5,6,8,9,10,11,12,13,17
3,8-0,1,2,3,5,6,8,9,10,11,12,13
1,3-0,1,2,3,5,6,8,9,10,11,12,13,14,17
3-0,1,2,3,5,6,8,9,10,11,12,13
-0,1,2,3,5,6,8,10,11,12,13,17,19
3,7,8-0,1,2,3,5,6,8,9,11,12,13
3,7-0,1,2,3,5,6,8,9,10,11,12,13,17
3,7,9-0,1,2,3,5,6,8,9,10,11,12,13,19
3,7,9-0,1,2,3,5,6,8,9,10,11,12,13,19
3,7-0,1,2,3,5,6,8,9,10,11,12,13,17,19
3,7-0,1,2,3,5,6,8,9,10,11,13,14,17
3,7,8-0,1,2,3,5,6,8,9,10,11,12,13,17
3,10,11-0,1,2,3,5,6,8,9,10,11,12,13,14,17
3,10,12-0,1,2,3,5,6,8,9,10,11,12,13,14,17
7,8-0,1,2,3,5,6,8,9,10,11,12,13,17
3,7,10-0,1,2,3,5,6,8,9,10,11,12,13,17
3,7,8,12-0,1,2,3,5,6,8,9,10,11,12,13,17
3,7,10-0,1,2,3,5,6,8,9,10,11,12,13,17
7,8,10-0,1,2,3,5,6,8,9,10,11,12,13
3,7,10-0,1,2,3,5,6,8,9,10,11,12,13,17
3,7,8,12,13-0,1,2,3,5,6,7,8,9,10,11,12,13
3,7-0,1,2,3,5,6,8,9,10,11,12,13,17
7,8,10-0,1,2,3,5,6,8,9,10,11,12,13,15,17
7-0,1,2,3,5,6,8,10,11,12,13,17,19
3-0,1,2,3,5,6,8,9,10,11,12,13
3,8-0,1,2,3,5,6,8,9,10,11,12,13,19
3,10-0,1,2,3,5,6,8,9,10,11,12,13,17
3,8-0,1,2,3,5,6,8,9,10,11,12,13
3,7,8-0,1,2,3,5,6,8,9,10,11,12,13
3,7,8,13-0,1,2,3,5,6,8,9,10,11,12,13,19
3,7,13-0,1,2,3,5,6,8,9,10,11,12,13,14
3,7,8-0,1,2,3,5,6,8,9,10,11,12,13,17
7-0,1,2,3,5,6,8,9,10,11,12,13,17
3,7,12-0,1,3,5,6,8,9,10,11,12,13
3,7,8-0,1,2,3,5,6,8,9,10,11,12,13
7-0,1,2,3,5,6,8,9,10,11,12,13,17,19
8,10-0,1,2,3,5,6,8,9,11,12,13
3,8,12-0,1,2,3,5,6,8,9,11,12,13
3,8-0,1,2,3,5,6,8,9,10,11,12,13,17,20
3-0,1,2,3,5,6,8,9,10,11,12,13
3,8-0,1,2,3,5,6,8,9,10,11,12,13,18
3,8,12-0,1,3,5,6,8,9,10,11,12,13
3-0,1,2,3,5,6,8,9,10,11,12,13
3,8,12-0,1,2,3,5,6,8,9,10,11,12,13
3,12-0,1,2,3,6,8,9,10,11,12,13,20
10-0,1,2,3,5,6,8,9,10,11,12,13,17
3-0,1,2,5,6,8,9,10,11,12,13,20
3,12-0,1,2,5,6,8,9,10,11,12,13,20
3,8,12-0,1,2,3,6,8,9,10,11,12,13,20
3,8,12,14-0,1,2,3,6,8,9,10,11,12,13
3,14-0,1,2,3,6,8,9,10,11,12,13
8,13,15-0,1,2,3,6,8,9,10,11,12,13,17
3,8,13,15-0,1,2,5,6,8,9,10,11,12,13,20
3,8-0,1,2,3,5,6,8,9,10,11,12,13
3,8-0,1,2,3,5,6,8,9,11,12,13,20
3,8-0,1,2,3,5,6,8,9,10,11,12,13,20
3,8-0,1,2,3,6,8,9,10,11,12,13
3,8-0,1,2,3,6,8,9,10,11,12,13
8,12-0,1,2,3,5,6,8,9,10,11,12,13
3,14-0,1,2,3,5,6,8,9,11,12,13,14
3-0,1,2,3,4,5,6,8,9,10,11,13,14,17
3,10,14-0,1,2,3,4,5,6,8,9,10,13,14,17
10,14-0,1,2,3,4,5,6,8,9,10,11,13,14,17
3,14-0,1,2,3,4,5,6,8,9,10,11,12,13
14-0,1,2,3,4,5,6,8,9,10,11,12,13,14,17
8,12,14-0,1,2,3,4,5,6,8,9,10,11,13,14,17
3,14-0,1,2,3,4,5,6,8,9,10,11,12,13,14,17
3,8,12,14-0,1,2,3,4,5,6,8,9,10,11,12,13
3,8,14-0,1,2,3,4,5,6,8,9,10,11,12,13
10,14-0,1,2,3,4,5,6,8,9,10,11,13,17
-0,1,2,3,5,6,8,9,10,11,13,14,17,19
3,12-0,1,2,3,4,5,6,8,9,10,11,12,13
10-0,1,3,4,5,6,8,9,10,11,13,14,17,19
10-0,1,3,4,5,6,8,9,10,11,13,17,19
3,8,13-1,2,3,4,5,6,8,9,10,11,13,14,17,19
3,13,15-1,2,3,4,5,6,8,9,10,11,13,14,17,19
15-1,2,3,4,5,6,8,9,10,11,13,14,17,19
10,13-0,1,2,3,4,5,6,8,9,10,11,13,14,17
13-0,1,3,4,5,6,8,9,10,11,12,13,14,17,18,19
3-1,2,3,4,5,6,8,10,11,13,14,17,18
3,13-1,2,3,4,5,6,8,10,11,13,14,17
-1,2,3,4,5,6,8,9,10,11,13,14,21
3-1,2,3,4,5,6,8,10,11,13,14,17,18
3,13-1,2,3,5,6,8,10,11,13,14
3,13-1,2,3,4,5,6,8,9,10,11,13,14,17,18
13,15-0,1,2,3,4,5,6,8,10,11,13,14,17
3,13-1,2,3,4,5,6,8,10,11,13,14,17
3,13-0,1,2,3,4,5,6,8,9,10,11,13,14,17
3,13-0,1,2,3,4,5,6,8,9,10,11,13,14,17
3,10,13-0,1,2,3,4,5,6,8,9,10,11,13,14,17,21
3,13-0,1,2,3,4,5,6,8,9,10,11,13,14,17,19
3,13-0,1,2,3,4,5,6,8,9,10,11,13,14,17,21
13,15-0,1,2,3,4,5,6,8,9,10,11,13,14,17,19
3,8,13-0,1,2,3,4,5,6,8,10,11,13,14,19
10-0,1,2,3,4,5,6,8,9,10,11,13,14,17,19
3-0,1,2,3,4,5,6,8,9,10,11,13,14,17
10-0,1,2,3,4,5,6,8,9,10,11,13,14,17,19
10-0,1,2,3,4,5,6,8,9,10,11,13,14
3,13,15-0,1,2,3,4,5,6,8,9,10,11,13,14,17,19
3,8-0,1,2,3,4,5,6,8,9,10,11,13,14,17,19
13-0,1,2,3,4,5,6,8,10,11,13,14,17,19
3-0,1,2,3,4,5,6,8,10,11,13,14,17
3,13-0,1,2,3,4,5,6,8,9,10,11,13,14,17
3,13-0,1,2,3,4,5,6,8,11,13,14
3,8,14-0,1,2,3,4,5,6,8,10,11,13,14
3,14-0,1,2,3,4,5,6,8,10,11,13,14
13,14-0,1,2,3,4,5,6,8,10,11,13,14,17
3,14-0,1,2,3,4,5,6,8,10,11,13,14
3,13,15-1,2,3,4,5,6,8,10,11,13,14,17,18,19
3-0,1,2,3,4,5,6,8,10,11,13,14,17
3-0,1,2,3,4,5,6,8,9,11,13,14,17
3-0,1,2,3,4,5,6,8,10,11,13,14,17
-0,1,2,3,4,5,6,8,10,11,13,14
13-0,1,2,3,4,5,6,8,10,11,13,14,17
-0,1,2,3,4,5,6,8,10,11,13,14,17
-0,1,2,4,5,6,8,10,11,13,17
13,14-0,1,2,3,5,6,8,10,11,12,13,17
3,14-0,1,2,3,5,6,8,10,11,12,13,17
3-0,1,2,3,5,6,8,10,11,12,13,17
3,14-0,1,2,3,5,6,8,10,11,12,13,17
3-0,1,2,3,5,6,8,9,10,11,12,13,17
14-0,1,2,3,4,5,6,8,9,10,11,13,15,17
3,14-0,1,2,3,5,6,8,9,10,11,13,17
3,14-0,1,2,3,5,6,8,9,10,11,12,13,17
3,14-0,1,2,3,5,6,8,10,11,12,13,15,17
3,14-0,1,2,3,5,6,8,9,10,11,12,13,17
14-0,1,2,3,5,6,8,9,10,11,12,13,14,17
3,14-0,1,2,3,5,6,8,10,11,13,17
14-1,2,3,5,6,8,10,11,13,15,17
14-0,1,2,3,5,6,8,10,11,12,13,15,17
3,14-0,1,2,3,5,6,8,10,11,12,13,17
3,14-0,1,2,3,5,6,8,10,11,12,13,17
3,14-0,1,2,3,5,6,8,9,10,11,12,13,17
3,14-0,1,2,3,5,6,8,9,10,11,12,13
3,14-0,1,2,3,5,6,8,9,10,11,13
14-0,1,2,3,5,6,8,10,11,12,13,17
3,14-0,1,2,3,5,6,8,10,11,12,13,17
3,14-0,1,2,3,5,6,8,10,11,12,13,17
14-0,1,2,3,5,6,8,9,10,11,13,17
14-1,2,3,5,6,8,10,11,12,13,14,17
3,14-0,1,2,3,5,6,8,9,10,11,13,14,15,17
3,14-0,1,2,3,5,6,8,9,10,11,12,13,17
3,14-0,1,2,3,5,6,8,9,10,11,12,13,17
3,14-0,1,2,3,5,6,8,10,11,12,13,17
13,14-0,1,2,3,5,6,8,10,11,12,13,17
3,14-0,1,2,3,5,6,8,10,11,13,15,17
3,14-0,1,2,3,5,6,8,10,11,13
3-0,1,2,3,5,6,8,9,10,11,13,17
3,13,14-0,1,2,3,5,6,8,9,10,11,13,14,15
14-0,1,2,3,5,6,8,9,10,11,13,17
3,13,14-0,1,2,3,5,6,8,10,11,13,15,17
3,14-0,1,2,3,5,6,8,9,10,11,13,17
10,14-0,1,2,3,5,6,8,9,11,13,15,17
2,3,4,14-0,1,2,3,5,6,8,10,11,13,14
3,13,14-0,1,2,3,5,6,8,10,11,13,15,17
14-0,1,2,3,5,6,8,9,10,11,12,13,15,17,19
3,14-0,1,2,3,5,6,8,10,11,13,15,17
3,14-0,1,2,3,5,6,8,10,11,13,15,17
14-0,1,2,3,5,6,8,9,10,11,13,17
14-0,1,2,3,5,6,8,9,10,11,13,15,17
13,14-0,1,2,3,5,6,8,10,11,12,13,17
13,14-0,1,2,3,5,6,8,10,11,12,13,14,17
3,14-0,1,2,3,5,6,8,11,13,15,17
3,4,14-0,1,2,3,5,6,8,9,10,11,13,17
2,3,4,14-0,1,2,3,5,6,8,9,11,12,13,17,18
-0,1,2,3,5,6,8,9,10,11,12,13,17
3,14-0,1,2,5,6,8,9,10,11,13,17
3-0,1,2,3,5,6,8,9,10,11,12,13,17
3-0,1,2,3,5,6,8,10,11,13,15
-0,1,2,3,5,6,8,9,10,11,12,13,14,17
7-0,1,2,3,5,6,8,9,10,11,13,17
3-0,1,2,3,5,6,8,10,11,13,17
3-0,1,2,3,5,6,8,9,10,11,12,13,17
3-0,1,2,3,5,6,8,9,11,13
2,3,4-0,1,2,3,5,6,8,9,10,11,12,13,17
3,4-0,1,2,3,5,6,8,9,10,11,12,13,17
3-0,1,2,3,5,6,8,9,10,11,12,13
3,13-0,1,2,3,5,6,8,10,11,12,13,17,18
3,8,16,17-0,1,2,3,5,6,8,9,10,11,12,13,22
13,16-0,1,2,3,5,6,8,9,10,11,13,17
-0,1,2,3,5,6,8,9,10,11,13,17
3-0,1,2,3,5,6,8,9,10,11,13
-0,1,2,3,5,6,8,10,11,12,13,14,15
-0,1,2,3,5,6,8,10,11,12,13,21
3-0,1,2,3,5,6,8,10,11,13,14
3,7-0,1,2,3,5,6,8,10,11,13,17
3-0,1,2,3,5,6,8,10,11,13,15,17
-0,1,2,3,5,6,8,9,10,11,13,17
3-0,1,2,3,5,6,8,9,10,11,12,13,17
3,7-0,1,2,3,5,6,8,9,10,11,12,13,17
-0,1,2,3,5,6,8,9,10,11,12,13,17
7-0,1,2,3,5,6,8,9,10,11,12,13,17
3,7-0,1,2,3,5,6,8,9,10,11,12,13,17
3,7-0,1,2,3,5,6,8,9,10,11,12,13,17
3,7-0,1,2,3,5,6,8,9,10,11,12,13,17
3,7-0,1,2,3,5,6,8,9,10,11,12,13,17
-0,1,2,3,5,6,8,9,10,11,12,13,17
3,7-0,1,2,3,5,6,8,9,10,11,12,13,17
3,11-0,1,2,3,5,6,8,9,10,11,12,13,17,19,21
3,7,8-0,1,2,3,5,6,8,9,10,11,12,13
7-0,1,2,3,5,6,8,10,11,12,13
7-0,1,3,5,6,8,10,11,12,13,17,19
3,7-0,1,2,3,5,6,8,9,10,11,12,13,17
-0,1,3,5,6,8,10,11,12,13,17,19,21
7-0,1,2,3,5,6,8,9,10,11,12,13,17
7-0,1,3,5,6,8,10,11,12,13,19
3,7,10-0,1,3,5,6,8,9,10,11,12,13,17,19
3,7-0,1,3,5,6,8,9,10,11,12,13,17,19
7-0,1,3,5,6,8,9,10,11,12,13,17
7-1,3,5,6,8,10,11,12,13,17,19
3,7,17-0,1,3,5,6,8,9,10,11,12,13,17,19
7-0,1,3,5,6,8,9,10,11,12,13,17,19
7-0,1,2,3,5,6,8,9,10,11,12,13,17
3,7,16,17-1,2,3,5,6,8,10,11,12,13,17,19
7,17-1,2,3,5,6,8,10,11,13,19
0,7-1,3,5,6,8,10,11,13,19
0,7-1,2,3,5,6,8,10,11,12,13,17,19
-1,3,5,6,8,10,11,13,19
7-1,3,5,6,8,10,11,13,14,17,19
0,7-1,3,5,6,8,10,11,13,17,19,23
0,7-1,3,5,6,8,10,11,13,18,19
0,7-1,3,5,6,8,10,11,13,15,17,19,21
0-1,2,3,5,6,8,10,11,12,13,19
0,7-1,3,5,6,8,10,11,13,17,19
0-0,1,2,3,5,6,8,10,12,13,15,19
7-1,3,5,6,8,10,11,12,13,19
7-0,1,3,5,6,8,9,10,11,13,15,19
0,7-1,3,5,6,8,10,11,13,15,19,21
7,18-0,1,3,5,6,8,10,11,12,13,15,17,19
7-0,1,3,5,6,8,10,11,12,13,14,15,17,19
7-0,1,3,5,6,8,9,10,11,12,13,17,19
3-0,1,2,3,5,6,8,9,10,11,13,14
7-0,1,3,5,6,8,9,10,11,12,13,17,19
3,7-0,1,2,3,4,5,6,8,9,10,11,13,17
3,7-0,1,2,3,5,6,8,9,10,11,12,13,17
3-0,1,2,3,5,6,8,10,11,12,13,17
3,7,18-0,1,2,3,5,6,8,9,10,11,12,13,17
3,7-0,1,2,3,5,6,8,9,10,11,12,13,17
7-0,1,3,5,6,8,9,10,11,12,13,19
7,18-0,1,2,3,5,6,8,10,11,12,13,17,19
7,18-1,3,5,6,8,10,11,12,13,17,19,21
7,18-0,1,3,5,6,8,10,11,12,13,19
7,18,19-0,1,3,5,6,8,11,12,13,17,21
7,18,19-0,1,3,5,6,8,10,11,12,13,17,19,21
7,18-1,3,5,6,8,10,11,12,13,17,19,21
0,7-0,1,3,5,6,8,10,11,12,13,17,19,21
7,18-0,1,3,5,6,8,10,11,12,13,19,21
7,18-1,3,5,6,8,10,11,12,13,21,22
7,18-0,1,3,5,6,8,10,11,12,13,19
7,18-0,1,3,5,6,8,10,11,12,13,17,19
11-1,3,5,6,8,10,11,12,13,21
7,18-0,1,3,5,6,8,10,11,12,13,19,21
7,18-1,3,5,6,8,10,11,12,13,17,19
7,18-0,1,3,5,6,8,9,10,11,12,13,17,19
7,18-0,1,3,5,6,8,10,11,12,13,19,21
7,18-0,1,2,3,5,6,8,9,10,11,12,13,17
18-0,1,3,5,6,8,10,11,12,13,17
3-0,1,2,3,5,6,8,9,10,11,13,17
3,7-0,1,2,3,5,6,8,9,10,11,13,17
3,7-0,1,2,3,5,6,8,9,10,11,12,13,17
3-0,1,2,3,5,6,8,9,10,11,13
7-1,2,3,5,6,8,9,10,11,13,15
3,7-1,2,3,5,6,8,9,10,11,13,15
3-1,2,3,5,6,8,9,10,11,12,13
3,7-0,1,2,3,5,6,8,9,10,11,12,13
3,7-0,1,2,3,5,6,8,9,10,11,12,13
3,7-0,1,2,3,5,6,8,9,10,11,12,13
-0,1,2,3,5,6,8,10,11,12,13,15,17
3-0,1,2,3,5,6,8,9,10,11,12,13,15
3,7-0,1,2,3,5,6,8,9,10,11,12,13,17
3,11-0,1,2,3,5,6,8,9,10,11,12,13,17
3,7-0,1,2,3,5,6,8,10,11,12,13,17
3,11-0,1,2,3,5,6,8,9,10,11,13,17
4,11-0,1,3,5,6,8,9,10,11,13,15,19
4-0,1,2,3,5,6,8,9,10,11,13
4-0,1,2,3,5,6,8,10,11,13,23
3,4-0,1,2,3,5,6,8,9,10,11,13,17
3,4,11-0,1,2,3,5,6,8,9,10,11,13,17
11-0,1,2,3,5,6,8,9,10,11,13,17,19
3,11-0,1,2,3,5,6,8,9,10,11,12,13
4-0,1,2,3,5,6,8,9,10,11,13,17
3,4-0,1,2,3,5,6,8,9,10,11,13,17
3,6,20-0,1,2,3,5,8,9,10,11,13,17
4-0,1,2,3,5,6,8,9,10,11,12,13,17
4-0,1,2,3,5,6,8,9,10,11,13,17
4,21-0,1,2,3,5,6,8,9,10,11,12,13,17
4-0,1,2,3,5,6,8,9,10,11,13,17
2,4-0,1,2,3,5,6,8,9,10,11,12,13,17
2,3,4-0,1,3,5,6,8,10,11,12,13,17,19
3,4,16,21-0,1,2,3,5,6,8,10,11,12,13,17
3,4-0,1,2,3,4,5,6,8,10,11,12,13
2,4-1,2,3,5,6,8,9,10,11,12,13,17
4-0,1,2,3,5,6,8,11,12,13
3,4,16-0,1,3,5,6,8,10,11,12,13,19
3,16-0,1,2,3,5,6,8,10,11,13,17
3-0,1,2,3,5,6,8,10,11,12,13,17
16-0,1,2,3,5,6,8,10,11,12,13,17
3-0,1,2,3,5,6,8,9,10,11,13,17
3-0,1,2,3,5,6,8,9,10,11,13,17
-0,1,2,3,5,6,8,9,10,11,13,17,19
3-0,1,2,3,5,6,8,9,10,11,12,13,17
3,8-0,1,2,5,6,8,9,10,11,12,13
3,8-0,1,2,5,6,8,9,10,11,12,13
3,8-0,1,2,3,5,6,8,9,10,11,12,13,17
3,8-0,1,2,3,5,6,8,9,10,11,12,13
7-0,1,3,5,6,8,9,10,11,12,13,17
7-0,1,2,3,5,6,8,10,11,12,13
3,7-0,1,2,3,5,6,8,9,10,11,12,13
3-0,1,2,3,5,6,8,10,11,12,13
3,11-0,1,2,3,5,6,8,9,10,11,12,13
3,8-0,1,3,5,6,7,8,9,10,11,13
3,8-0,1,2,3,5,6,8,9,10,11,13
3,7,8-0,1,2,3,5,6,8,9,10,11,12,13
3,7-0,1,2,3,5,6,8,9,11,12,13,17
3,11-0,1,2,3,5,6,8,9,10,11,12,13,17
3,11-0,1,2,3,5,6,8,9,10,11,12,13,17
-0,1,2,3,5,6,8,9,10,11,12,13,15,17
-0,1,2,3,5,6,8,9,10,11,13
3,7-0,1,3,5,6,8,9,10,11,13,15
3,7-0,1,2,3,5,6,8,9,10,11,13
7-0,1,2,3,5,6,8,9,10,11,13
7-0,1,2,3,5,6,8,9,10,11,12,13,15,17
3,7-0,1,2,3,5,6,8,9,10,11,13,14,17
7-0,1,2,3,5,6,8,9,11,12,13,17
3,7-0,1,2,3,5,6,8,9,10,11,12,13
7-0,1,2,3,5,6,8,9,10,11,12,13,17
-0,1,2,3,5,6,8,9,10,11,12,13,17
7-0,1,2,3,5,6,8,9,10,11,12,13,17
3-0,1,2,3,5,6,8,10,11,12,13,17
-0,1,2,3,5,6,8,10,11,12,13,17
7-0,1,2,3,5,6,8,9,10,11,12,13,17
3,7-0,1,2,3,5,6,8,9,10,11,12,13,17
3-0,1,2,3,5,6,8,9,10,11,12,13,17
7-0,1,2,3,5,6,8,9,10,11,12,13,17
3,11,13,16-0,1,2,3,5,6,8,10,11,12,13,17
3,7-0,1,2,3,5,6,8,9,10,11,12,13,17
3-0,1,2,3,5,6,8,10,11,12,13,15
3,11-0,1,3,5,6,8,10,11,12,13,19
7,16-0,1,2,3,5,6,8,9,11,12,13,17
11-0,1,3,5,6,8,10,11,13,17,19
-0,1,2,3,5,6,8,9,11,13,17
-0,1,2,3,5,6,8,11,12,13,17
7-0,1,2,3,5,6,8,9,10,11,13,17
3,11-0,1,2,3,5,6,8,10,11,12,13
-0,1,2,3,5,6,8,9,10,11,13,17
3,7-0,1,2,3,5,6,8,9,10,11,13,17
3,7-0,1,2,3,5,6,8,9,10,11,12,13,17
17-0,1,2,3,5,6,8,10,11,12,13
3,7-0,1,2,3,5,6,8,9,10,11,12,13,17
-0,1,2,3,5,6,8,9,11,12,13
3,7-0,1,2,3,5,6,8,9,10,11,12,13
3,7-0,1,2,3,5,6,8,9,10,11,12,13
3,7-0,1,2,3,5,6,8,9,10,11,12,13
7-0,1,2,3,5,6,8,9,10,11,12,13,17
3,7-0,1,2,3,5,6,8,9,10,11,12,13
3,7-0,1,2,3,5,6,8,9,10,11,12,13
7-0,1,3,5,6,8,9,11,12,13,17
3-0,1,2,5,6,8,9,10,11,12,13,17
3,7-0,1,2,3,5,6,8,9,10,11,12,13
7-0,1,2,3,4,5,6,8,9,10,11,12,13,17
3,7-0,1,2,3,4,5,6,8,9,10,11,12,13,14,17
3,7-0,1,2,3,4,5,6,8,9,10,11,12,13,14,17
7-0,1,2,3,4,5,6,8,9,10,11,12,13,14,17
7-0,1,2,3,4,5,6,8,9,10,11,12,13,14,17
7,10-0,1,2,3,4,5,6,8,9,10,11,12,13,14,17
7-0,1,2,3,4,5,8,9,10,11,12,13,14,17
7-0,1,2,3,4,5,6,8,9,10,11,12,13,14,17
7-0,1,2,3,4,5,6,8,9,10,11,12,13,17
3,7-0,1,2,3,4,5,6,8,9,11,12,13,14,17
7-0,1,2,3,4,5,6,8,10,11,13,14,17
7-0,1,2,3,4,5,6,8,9,10,11,12,13,14,17
7-0,1,2,3,4,5,6,8,9,10,11,12,13,14,17,21
7-0,1,2,3,4,5,6,8,9,10,11,12,13,14
3,7-0,1,2,3,4,5,6,8,10,11,13,14,17
3,7-0,1,3,4,5,6,8,9,10,11,12,13,14
3,7-0,1,2,3,4,5,6,8,9,10,11,12,13,14
11-1,2,3,4,5,6,8,9,10,11,12,13,14,21
7-1,2,3,4,5,6,8,10,11,13,14,17,21
11,13-1,2,3,4,5,6,8,9,10,11,12,13,14,17,19,21
-1,2,3,4,5,6,8,9,10,11,12,13,17,21
-1,2,3,4,5,6,8,9,10,11,12,13,17,19,21
10,22-1,2,3,4,5,6,8,10,11,13,14,17,21
-1,2,3,4,5,6,8,9,10,11,13,14,17,21
-0,1,3,4,5,6,8,9,10,11,12,13,17,19,21
3,10,22-0,1,3,4,5,6,8,9,10,11,12,13,17,19,21
3,10,22-0,1,2,3,4,5,6,8,9,10,11,13,14,17,21
22-0,1,2,4,5,6,8,9,11,13,21
8,22-0,1,3,4,5,6,8,9,10,11,12,13,14,17
3,22-0,1,2,3,4,5,6,8,9,10,11,13,17,21
3,10-1,2,3,4,5,6,8,9,10,11,13,17,21
3-0,1,2,3,4,5,6,8,9,10,11,13,17,21
3,8,23-0,1,3,4,5,6,8,9,10,11,12,13,14,17
3,23-0,1,2,3,4,5,6,8,9,10,11,12,13
3-0,1,2,3,4,5,6,8,9,10,11,12,13
1,3,10,18-0,1,2,3,4,5,6,8,9,10,11,12,13,14,17
1,3,8-1,2,3,4,5,6,8,9,10,11,12,13,14
1,3,10,18-0,1,2,3,4,5,6,8,9,10,11,12,13,14,17
3,18-0,1,2,3,4,5,6,8,9,10,11,12,13,14
3,10,23-0,1,2,3,4,5,6,8,9,10,11,12,13,14,17
8,10-0,1,2,3,4,5,6,8,9,10,11,13,14,17
3,8-0,1,2,3,4,5,6,8,9,10,11,12,13,17
3-0,1,2,3,4,5,6,8,9,10,11,12,13,14
-0,1,2,3,4,5,6,8,9,10,11,12,13,14,17
-0,1,2,3,4,5,6,8,9,10,11,12,13,14,17
-0,1,2,3,4,5,6,8,9,10,11,12,13,14,19
-0,1,2,3,4,5,6,8,9,10,11,12,13,14,19
-0,1,2,3,4,5,6,8,9,10,11,12,13,14,19
-0,1,2,3,4,5,6,8,9,10,11,12,13,14,17
-0,1,2,3,4,5,6,8,9,10,11,13,14,17
-0,1,2,3,4,5,6,8,9,10,11,13,14,17,19
-0,1,2,3,4,5,6,8,9,10,11,12,13,14,17,19
-0,1,2,3,4,5,6,8,9,10,11,12,13,14,19
3-0,1,2,3,4,5,6,8,9,10,11,12,13,14,17
-0,1,2,3,4,5,6,8,9,10,11,12,13,14,17
-0,1,2,3,4,5,6,8,9,10,11,13,14,17
-0,1,3,4,5,6,8,9,10,11,12,13,14,17
-0,1,2,3,4,5,6,8,9,10,11,12,13,14,17,19
-0,1,2,3,4,5,6,8,9,10,11,12,13,14,17
-1,2,3,4,5,6,8,9,10,11,12,13,14,17
3-1,2,3,4,5,6,8,9,10,11,13,17
3-0,1,2,3,4,5,6,8,9,10,11,12,13,14,17
3,10-1,2,3,4,5,6,8,9,10,11,12,13,14,17
-0,1,2,3,4,5,6,8,9,10,11,12,13,14,17
-0,1,2,3,4,5,6,8,9,10,11,12,13,14,17
-0,1,2,3,4,5,6,8,9,10,11,12,13
-1,2,3,4,5,6,8,9,10,11,12,13,14
-0,1,3,4,5,6,8,9,10,11,13,14,19
19-1,3,4,5,6,8,9,10,11,13,14
-0,1,3,4,5,6,8,9,10,11,12,13,14
-1,2,3,4,5,6,8,9,10,11,13,14,19
-0,1,2,3,4,5,6,8,9,10,11,12,13,14,19
-0,1,3,4,5,6,8,9,10,11,12,13,19
-0,1,3,4,5,6,8,9,10,11,12,13,19
3,10-0,1,3,4,5,6,8,9,10,11,12,13,17
-0,1,3,4,5,6,8,9,10,11,12,13,17
-1,3,4,5,6,8,9,10,11,12,13,19
-1,3,5,6,8,9,10,11,12,13,19
0-1,2,4,5,6,8,9,10,11,13,19
0-1,2,3,4,5,6,8,9,10,11,13,14,17,19
-1,2,3,5,6,8,9,10,11,13,19
0-1,3,4,5,6,8,9,10,11,13,14,19
0-1,2,3,5,6,8,9,10,11,13,14,19
0-1,2,5,6,8,9,10,11,13,19
0-1,2,4,5,6,8,9,10,11,13,19
0,19-1,2,3,5,6,8,10,11,12,13,19,22
-0,1,2,5,6,8,9,10,11,13
0-0,1,2,3,4,5,6,8,9,11,13,14,19
-1,2,3,4,5,6,8,9,10,11,12,13,14,17
-0,1,2,3,4,5,6,8,9,10,11,13,14
-0,1,3,4,5,6,8,9,10,11,13,14,17
-1,4,5,6,8,9,10,11,13,14
-1,3,4,5,6,8,9,10,11,12,13,14,19
-1,3,4,5,6,8,9,10,11,13,14
-1,4,5,6,8,10,11,13,19
0-1,2,3,4,5,6,8,9,10,11,13,14,19
-1,3,4,5,6,8,9,10,11,13,14,19
-0,1,3,4,5,6,8,9,10,11,13,14,19
0-0,1,3,4,5,6,8,9,10,11,13,14,19
0-1,2,3,4,5,6,8,9,10,11,13,14,19
0-1,2,3,4,5,6,8,9,10,11,13,14,17,19
0-1,2,3,4,5,6,8,9,10,11,13,14
-1,3,4,5,6,8,9,10,11,13,14,19
0-1,3,4,5,6,8,9,10,11,13,19
-1,3,4,5,6,8,9,10,11,13,14,17
0-1,2,3,4,5,6,8,10,11,12,13,14,19
0-1,2,3,4,5,6,8,9,10,11,13,14,19
0-1,2,3,4,5,6,8,9,10,11,13,19,22
0-1,2,3,4,5,6,8,9,10,11,13,14,19
0-1,2,3,5,6,8,9,10,11,13,19
0-1,2,3,4,5,6,8,9,10,11,13,14,19,22
-1,3,4,5,6,8,9,10,11,13,14,19
-1,3,4,5,6,8,9,10,11,13,14
-1,3,4,5,6,8,9,10,11,13,14,19
-1,3,4,5,6,8,9,10,11,13,14,19
24-1,3,5,6,8,9,10,11,13,19
24-1,3,5,6,8,9,10,11,13,14,19
20,25-1,2,3,4,5,6,8,9,10,11,13,14,19
3,20,25-1,2,3,4,5,6,8,9,10,11,13,19
3,20,24-1,2,3,5,6,8,9,10,11,12,13,17,19
3,24-1,2,3,5,6,8,10,11,12,13
-0,1,2,3,5,6,8,10,11,13,14,17
3,7-0,1,2,3,4,5,6,8,10,11,13,14
3,7-1,2,3,4,5,6,8,10,13,14,17
7-0,1,2,3,5,6,8,10,11,12,13,14,17
3,7-1,3,4,5,6,8,10,11,12,13,14,17,21
7,10,18-0,1,2,3,4,5,6,8,9,10,11,13,14,17,19
3,7-0,1,2,3,4,5,6,8,10,11,13,14,17,21
11-0,1,3,4,5,6,8,10,11,12,13,17,19,21
3,7-0,1,2,3,4,5,6,8,10,11,12,13,17,19,21
3,11-0,1,2,3,4,5,6,8,10,11,13,14,17,19
22-0,1,2,3,4,5,6,8,10,11,12,13,17,19,21
3,10,11-0,1,2,3,4,5,6,8,9,10,11,12,13,17,19
3,11-0,1,2,3,5,6,8,9,10,11,13,17,19
3,7-0,1,2,3,5,6,8,10,11,12,13,19,21
3-0,1,2,3,4,5,6,8,10,11,13,17,19,21
4-0,1,2,3,5,6,8,9,10,11,13,17,19
3,4-0,1,2,3,4,5,6,8,10,11,13,17
3,4-0,1,2,3,4,5,6,8,10,11,13,14,17,19
4,11-0,1,2,3,4,5,6,8,10,11,13,17,19,21
4-0,1,2,3,4,5,6,8,10,11,13,17,19,21
3-0,1,2,3,4,5,6,8,10,11,13,17,19
11-0,1,3,4,5,6,8,10,11,13,17,19,21
3,4-0,1,2,3,4,5,6,8,11,12,13,14,17,21
3,4,11-0,1,2,3,4,5,6,8,10,11,12,13,17,19,21
3,4-0,1,2,3,4,5,6,8,10,11,12,13,17
3,4-0,1,2,3,4,5,6,8,9,11,12,13,17
3,4,11-1,2,3,4,5,6,8,11,12,13,17,21
3,4-0,1,2,4,5,6,8,9,10,11,13,14,19,21
11-0,1,2,3,4,5,6,8,10,11,12,13,17,19
7-0,1,2,3,4,5,6,8,10,11,13,14,17
3-0,1,2,3,4,5,6,8,10,11,12,13,14
7-0,1,2,3,4,5,6,8,10,11,12,13,14,17
11-1,2,3,5,6,8,10,11,12,13,14,17,19
-0,1,3,4,5,6,8,9,11,12,13,14,17,21
7,8-0,1,2,3,4,5,6,8,9,10,11,13,17
3,7,10-0,1,2,3,4,5,6,8,9,10,11,12,13,17
3,7-0,1,2,3,4,5,6,8,9,10,11,12,13,17
3,7-0,1,2,3,4,5,6,8,9,10,11,12,13,17
3,7,8-0,1,3,4,5,6,8,9,10,11,13,14,19
7-0,1,2,3,4,5,6,8,9,10,11,13,14,17,19
3,10-0,1,2,3,4,5,6,8,9,10,11,12,13,14,17
3-0,1,2,3,4,5,6,8,11,13,14,17,19
3,11-0,1,2,3,5,6,8,10,11,13,14,17
7-1,2,3,5,6,8,10,11,12,13,17,18,19
7-1,2,3,4,5,6,8,10,11,12,13,14,17
3,7-0,1,2,3,4,5,6,8,10,13,14,17,19
7-0,1,2,3,5,6,8,10,11,12,13
3,7-0,1,2,3,4,5,6,8,10,11,13,17
3,7-1,2,3,4,5,6,8,10,11,12,13,17
7-0,1,2,3,4,5,6,8,10,11,12,13,17,18
-0,1,2,3,4,5,6,8,10,11,12,13,14,17
3-1,2,3,4,5,6,8,10,11,13,17
-1,2,3,4,5,6,8,10,11,13,14,17,18
3,7-1,3,4,5,6,8,10,11,13,17,19
-1,2,4,5,6,8,10,11,12,13,14,17,18,19
11-1,2,3,4,5,6,8,10,11,13,18
3-1,3,4,5,6,8,10,11,13,17,18,19
11-1,2,3,5,6,8,10,11,12,13,17,19
7-1,2,3,4,5,6,8,10,11,12,13,17
7-1,2,3,4,5,6,8,10,11,12,13,17,18
3,7-1,2,3,4,5,6,8,10,13,17,19
7-1,2,3,4,5,6,8,10,11,12,13,18
7-1,2,3,4,5,6,8,10,11,12,13,17,21
7,18-1,3,4,5,6,8,10,11,12,13,14,17,19
11-1,3,4,5,6,8,11,12,13,14,17,21
3,7-1,2,3,5,6,8,10,11,12,13,14,17,21
7-1,3,4,5,6,8,10,11,13,14,19,21
3,7,22-0,1,3,4,5,6,8,10,11,13,14,17,19,21
7,22-1,3,4,5,6,8,10,11,12,13,14,17,19,21
11,22-1,3,4,5,6,8,10,11,12,13,14,17,19,21
22-1,3,4,5,6,8,11,12,13,14,19,21
7,22-1,3,4,5,6,8,10,11,12,14,17,19,21
3,7,22-1,3,4,5,6,8,10,11,12,13,14,19,21
7,22-1,3,4,5,6,8,11,12,13,19,21
7,11-1,3,4,5,6,8,11,13,14,17,19,21
7-1,3,4,5,6,8,10,11,12,13,14,17,19,21
7-1,3,4,5,6,8,10,11,12,13,19,21
7,22-1,3,4,5,6,8,10,11,12,13,14,17,19,21
7,22-1,3,4,5,6,8,11,12,13,19,21
22-1,3,4,5,6,8,11,13,14,19,21
7-1,3,4,5,6,8,10,11,12,13,14,17,19,21
7,11,22-1,3,4,5,6,8,10,11,12,13,17,19,21
7-1,3,4,5,6,8,11,12,13,14,19,21
11-1,3,4,5,6,8,10,11,13,14,17,19,21
3,4-1,3,4,5,6,8,10,11,13,14,17,19,21
3,4-1,2,4,5,6,8,10,11,13,14,17,19
3,4,22-1,2,3,4,5,6,8,10,11,13,17,19,21
11,22-1,3,4,5,6,8,11,12,13,17,19,21
3,11-1,3,4,5,6,8,10,11,12,13,17,19,21
3,4-1,2,3,4,5,6,8,10,11,12,13,17,19,21
11-1,3,5,6,8,10,11,12,13,14,17,19,21
4,11-1,2,3,4,5,6,8,10,11,12,13,14,17,21
11-1,3,4,5,6,8,10,11,12,13,14,17,21
4,11-1,3,4,5,6,8,10,11,12,13,17,21,23
7,22-1,3,4,5,6,8,10,11,12,13,14,21
-1,2,3,4,5,6,8,10,11,13,14,17,21
3,11,22-1,2,3,4,5,6,8,11,12,13,14,17,21
4-1,2,3,4,5,6,8,10,11,13,17,21
7-1,2,3,4,5,6,8,10,11,12,13,17,21
3,7-1,2,3,4,5,6,8,10,11,13,17
7-1,2,3,4,5,6,8,10,11,13,14,15,17,22
11,13-1,2,3,4,5,6,8,10,11,13,14,17,21,22
3-1,2,3,4,5,6,8,10,13,15
7,13-1,3,4,5,6,8,10,11,13,14,15,21,22
11,13-1,2,3,4,5,6,8,10,11,13,17
7,13-1,3,4,5,6,8,10,11,13,14,22,23
11,13-1,3,4,5,6,8,10,11,13,21,22,23
11,13-1,3,4,5,6,8,10,11,13,15,21,22,23
11,13-1,3,4,5,6,8,10,13,15,17,21,22,23
13-1,3,4,5,6,8,10,11,13,15,21,22
11,13-1,3,4,5,6,8,10,13,15,21,22,23
11,13-1,3,4,5,6,8,10,11,12,13,14,21,22,23
11-1,3,4,5,6,8,11,12,13,14,21,22,23
11,13-1,3,4,5,6,8,10,11,12,13,14,17,21,22
11,19-1,3,4,5,6,8,10,11,13,14,21,22
7,19-1,3,5,6,8,10,11,12,13,14,21,22
11,13-1,3,5,6,8,10,11,12,13,14,17,21,22,23
11-1,3,5,6,8,10,11,12,13,14,21,22
11-1,3,4,5,6,8,10,11,12,13,21,22
7,19-1,3,5,6,8,10,11,12,13,14,17,21,22,23
11,19-1,3,5,6,8,10,11,12,13,14,21,22
19-1,3,4,5,6,8,10,11,13,21,22,23
11,13,19-1,3,4,5,6,8,10,11,12,13,14,22,23
11,13-1,3,4,5,6,8,10,11,12,13,14,21,22,23
11,13-1,3,4,5,6,8,10,11,12,13,14,17,21,22,23
13-1,3,4,5,6,8,10,11,13,14,21,22,23
13-1,3,4,5,6,8,10,11,13,14,21,22,23
11-1,3,4,5,6,8,10,11,13,14,21,22
11-1,3,4,5,6,8,10,11,13,21,22,23
11,13-1,3,4,5,6,8,10,11,12,13,14,21,22,23
11,13-1,3,5,6,8,10,11,12,13,14,21,22,23
11-1,3,4,5,6,8,10,11,12,13,14,21,22
11-1,3,4,5,6,8,10,11,13,14,21,22
11-1,3,4,5,6,8,10,11,12,13,14,21,22,23
11,19-1,3,5,6,8,10,11,12,13,14,21,22
11,19-3,4,5,6,8,10,11,12,13,14,21,22,23
11,13-1,3,5,6,8,10,11,13,21,22,23
11,13-1,3,4,5,6,8,10,11,12,13,14,22
11,13-1,2,3,4,5,6,8,10,11,12,13,14,17,21,22,23
13-1,2,3,4,5,6,8,10,11,13,14,17,22
-1,3,4,5,6,8,10,11,13,14,17,21,23
22-1,3,4,5,6,8,10,11,13,14,17,19,21
22-1,3,4,5,6,8,10,11,12,13,14,17,21
22-1,3,4,5,6,8,10,11,13,14,17,19,21
22-1,3,4,5,6,8,11,13,19,21
22-1,3,4,5,6,8,10,11,12,13,17,19,21
22-1,3,4,5,6,8,10,11,13,14,17,19,21
-1,3,4,5,6,8,10,11,12,13,14,21
11,22-1,3,4,5,6,8,11,12,13,14,17,19,21
22-1,3,4,5,6,8,11,12,13,14,19,21
7,22-1,3,4,5,6,8,11,12,13,14,19,21
-1,3,4,5,6,8,10,11,13,21
7-1,3,4,5,6,8,10,11,12,13,14,17,19,21
7-1,3,5,6,8,10,11,12,13,17,19,21
-1,3,4,5,6,8,10,11,12,13,14,17,19,21
-1,3,4,5,6,8,11,12,13,14,17,19,21
7,22-0,1,3,4,5,6,8,10,11,12,13,14,17,19,21
-1,3,4,5,6,8,10,11,12,13,14,17,19,21
-0,1,3,4,5,6,8,10,11,12,13,14,17,19,21
22-1,3,4,5,6,8,10,11,13,14,17,19,21
11-1,3,4,5,6,8,11,13,14,19,21
-1,3,4,5,6,8,10,11,13,14,19,21
11,22-1,3,4,5,6,8,11,12,13,14,19,21
7,22-1,3,4,5,6,8,10,11,12,13,14,17,19,21
7,22-0,1,3,4,5,6,8,10,11,12,13,14,19,21
-0,1,3,4,5,6,8,10,11,13,14,19,21
11,26-1,3,4,5,6,8,11,12,13,14,17,19,21
11,22,26-1,3,4,5,6,8,9,10,11,12,13,14,17,19,21
22,26-1,3,4,5,6,8,11,12,13,14,15,19,21
7,22,26-1,3,4,5,6,8,11,12,13,14,17,19,21
7,22,26-1,3,4,5,6,8,9,11,12,13,14,19,21
7,22,26-1,3,4,5,6,8,11,12,13,14,19,21
-1,3,4,5,6,8,10,11,12,13,14,17,19
7,22,26-1,3,4,5,6,8,11,12,13,14,17,19,21
7,22,26-0,1,3,4,5,6,8,11,12,13,14,17,19,21
7,22,26-0,1,3,4,5,6,8,10,11,12,13,14,17,19,21
26-0,1,3,4,5,6,8,10,11,13,14,17,19,21
7,26-1,3,4,5,6,8,10,11,12,13,14,17,19,21
11,22,26-1,3,4,5,6,8,10,11,12,13,14,17,19,21
22-1,3,4,5,6,8,10,11,12,13,14,17,19,21
3,22-0,1,3,4,5,6,8,11,13,14,19,21
-0,1,3,4,5,6,7,8,9,10,11,12,13,14,19,21
22,26-0,1,3,4,5,6,8,9,11,12,13,14,17,19,21
26-1,3,4,5,6,8,11,12,13,14,17,19,21
22,26-1,3,4,5,6,8,10,11,12,13,14,17,19,21
22,26-1,3,4,5,6,8,9,10,11,12,13,14,17,19,21
22,26-0,1,3,4,5,6,8,10,11,12,13,14,17,19,21
11,22-0,1,3,4,5,6,8,9,10,11,12,13,14,17,19,21
11,22,26-0,1,3,4,5,6,8,9,10,11,12,13,14,17,19,21
22,26-0,1,3,4,5,6,8,9,10,11,12,13,14,17,19,21
26-0,1,3,4,5,6,8,9,10,11,12,13,14,17,19,21
24,27-1,3,4,5,6,8,9,10,11,12,13,14,17,19,21
22,26-0,1,3,4,5,6,8,9,10,11,12,13,14,17,19,21
11,22,26-1,3,4,5,6,8,10,11,12,13,14,19,21
11,22,26-1,3,4,5,6,8,10,11,12,13,14,17,19,21
11,26-1,3,4,5,6,8,10,11,12,13,14,17,19,21
4,11,22,26-0,1,3,4,5,6,8,10,11,12,13,14,17,19,21
11,22,26-1,3,4,5,6,8,9,10,11,12,13,17,19,21
4,11,26-0,1,3,4,5,6,8,9,10,11,12,13,14,17,19,21
11-0,1,3,4,5,6,8,9,10,11,12,13,14,17,19,21
11,22,26-0,1,3,4,5,6,8,10,11,12,13,14,17,19,21
11,22,28-1,3,4,5,6,8,9,10,11,12,13,14,17,19,21
22-0,1,3,4,5,6,8,10,11,12,13,17,19,21
22,26-0,1,3,4,5,6,8,9,10,11,13,14,17,19,21
11,22,26-0,1,3,4,5,6,8,10,11,12,13,14,17,19,21
11,22-0,1,3,4,5,6,8,10,11,12,13,14,17,19,21
22-0,1,3,4,5,6,8,9,10,11,12,13,14,19,21
11,22,26-0,1,3,4,5,6,8,9,10,11,12,13,14,17,19,21
22,26-1,3,4,5,6,8,9,10,11,12,13,17,19,21
26,27-0,1,3,4,5,6,8,9,10,11,13,14,19,21
11,22,26-0,1,3,4,5,6,8,10,11,13,14,19,21
4,22,26-0,1,3,4,5,6,8,11,12,13,14,17,19,21
11,22,26-0,1,3,4,5,6,8,10,11,12,13,14,17,19,21
11,22,26-0,1,3,4,5,6,8,9,10,11,12,13,17,19,21
4,11,22,26-0,1,3,4,5,6,8,9,10,11,13,14,19,21
4,22,26-0,1,3,4,5,6,8,11,12,13,14,17,19,21
4,22,26-0,1,3,4,5,6,8,11,12,13,14,17,19,21
6,22-0,1,3,4,5,6,8,9,11,12,13,14,15,19,21
2,4,22,26-0,1,3,4,5,6,8,11,13,14,19,21
4,22-1,3,4,5,6,8,10,11,13,14,17,19,21
4-0,1,3,4,5,6,8,11,12,13,14,19,21
2,4,22-0,1,3,4,5,6,8,11,12,13,14,17,19
4,22-0,1,3,4,5,6,8,11,12,13,14,17,19,21
4,22-0,1,3,4,5,6,8,11,12,13,17,19,21
4,22-0,1,3,4,5,6,8,10,11,13,17,19
4,22-0,1,3,4,5,6,8,10,11,13,14,17,19
22,29-0,1,3,4,5,6,8,10,11,13,17,19,21
4,22-0,1,3,4,5,6,8,10,11,12,13,19,21
4-0,1,3,4,5,6,8,10,11,12,13,14,19,21
4,22-0,1,3,4,5,6,8,10,11,12,13,14,19,21
4,22-0,1,3,4,5,6,8,10,11,12,13,14,17,19,21
2,6,22-0,1,3,4,5,6,8,11,13,14,17,19,21
4,22-0,1,3,4,5,6,8,11,12,13,14,19,21
4,22-0,1,3,4,5,6,8,10,11,12,13,14,17,19,21
4-0,1,3,4,5,6,8,10,11,12,13,14,19,21
4,22-0,1,3,4,5,6,8,10,11,12,13,14,19,21
4,8-0,1,3,4,5,6,8,10,11,13,14,19,21
4,22-1,3,4,5,6,8,10,11,13,14,21
4-0,1,3,4,5,6,8,11,12,13,14,17,19,21
4-1,3,4,5,6,8,10,11,12,13,14,19,21
4,22-1,3,4,5,6,8,10,11,12,13,14,17,19,21
4,22-1,3,4,5,6,8,10,11,12,13,14,19,21
3,4,22-0,1,3,4,5,6,8,9,10,11,12,13,14,17,19,21
3,4,17,22-0,1,3,4,5,6,8,10,11,12,13,17,19
4,17,22-0,1,3,4,5,6,8,9,11,13,14,17,19,21
3,4,22-0,1,3,4,5,6,8,11,13,14,17,19,21
3,4,22-0,1,3,4,5,6,8,10,11,12,13,14,17,19
4,22-0,1,3,4,5,6,8,9,10,11,13,14,17,19,21
2,4,22-0,1,3,4,5,6,8,9,11,12,13,17,21
3,4,10,22-0,1,3,4,5,6,8,9,11,13,14,17,21
6,22-0,1,3,4,5,6,8,9,11,13,14,17
4,22-0,1,3,4,5,6,8,9,11,13,14,17,19,21
3,4,22-0,1,3,4,5,6,8,9,10,11,13,17,19,21
4,22-0,1,3,4,5,6,8,10,11,13,14,17,19
4-0,1,3,4,5,6,8,11,13,14,19,21
4,22-0,1,3,4,5,6,8,10,11,12,13,14,19
4-0,1,3,4,5,6,8,10,11,13,14,19,21
4,22,29-0,1,3,4,5,6,8,11,12,13,19,21,22
22-0,1,3,4,5,6,8,10,11,12,13,14,19,21
4,22-0,1,3,4,5,6,8,10,11,13,19,21
4,22-0,1,3,4,5,6,8,11,13,19,21
4,22-0,1,3,4,5,6,8,10,11,12,13,19,21
4,22-0,1,3,4,5,6,8,10,11,12,13,19,21
4,22-0,1,3,4,5,6,8,10,11,13,14,19
4-0,1,3,4,5,6,8,10,11,12,13,14,19
4,22-0,1,3,4,5,6,8,10,11,12,13,14,19,21
4,22,29-0,1,3,4,5,6,8,10,11,13,14,19,21
4,22,29-0,1,3,4,5,6,8,9,11,13,14,19,21
-0,1,3,4,5,6,8,9,10,11,13,14,19,21
4,29-0,1,3,4,5,6,8,9,11,12,13,14,15,19,21
4,22,29-0,1,3,4,5,6,7,8,11,13,19,21
4-0,1,3,4,5,6,8,9,11,13,14,19,21,22
4,22-0,1,3,4,5,6,8,9,11,13,14,19,21,22
22,29-0,1,3,4,5,6,8,9,10,11,12,13,14,19,21
4,22,29-0,1,3,4,5,6,8,10,11,12,13,19,21
22-0,1,3,4,5,6,8,10,11,13,14,19,21
29-0,1,3,4,5,6,8,9,10,11,12,13,14,19,21
22-0,1,3,4,5,6,8,9,10,11,12,13,19,21
-0,1,3,4,5,6,8,9,10,11,12,13,14,19,21
11,22,29-0,1,3,4,5,6,8,10,11,13,14,19,21
22,29-0,1,3,4,5,6,8,10,11,12,13,14,19,21
-0,1,3,4,5,6,8,11,13,19,21
7-0,1,3,4,5,6,8,9,10,11,12,13,14,19,21
-0,1,3,4,5,6,8,10,11,13,19,21
27,29-0,1,3,4,5,6,8,9,10,11,12,13,19,21
22-0,1,3,4,5,6,8,10,11,12,13,19,21
22-0,1,3,4,5,6,8,9,10,11,12,13,19,21
-0,1,3,4,5,6,8,10,11,12,13,19,21,22
7,22-0,1,3,4,5,6,8,11,12,13,14,19,21
22-0,1,3,4,5,6,8,10,11,13,14,19,21
-0,1,3,4,5,6,8,11,12,13,19,21
22,29-0,1,3,4,5,6,8,10,11,13,19,21
7-0,1,3,4,5,6,8,9,11,13,19,21,22
6-0,1,3,4,5,6,8,9,10,11,13,19,21
30-0,1,3,4,5,6,8,10,11,13,14,19
-0,1,3,4,5,6,8,10,11,13,14,19,21
4,22-0,1,3,4,5,6,8,10,11,13,19,21
11,22-0,1,3,4,5,6,8,10,11,12,13,14,19,21
11,22-0,1,3,4,5,6,8,11,13,19,21
11,29-0,1,3,4,5,6,8,9,11,12,13,14,19,21
4,7,22-0,1,3,4,5,6,8,10,11,13,14,19,21
4,22,29-0,1,3,4,5,6,8,9,10,11,13,19,21,22
11-0,1,3,4,5,6,8,9,10,11,13,14,19,21
22-0,1,3,4,5,6,8,10,11,12,13,19,21
11,22-0,1,3,4,5,6,8,11,12,13,19,21
11,22-0,1,3,4,5,6,8,9,11,13,14,19,21
-0,1,3,4,5,6,8,9,10,11,13,19,21
22-0,1,3,4,5,6,8,10,11,12,13,14,19,21
22,31-0,1,3,4,5,6,8,10,11,13,19,21
22-0,1,3,4,5,6,8,11,12,13,14,19,21
22,29-0,1,3,4,5,6,8,11,12,13,14,19,21
22,29-0,1,3,4,5,6,8,11,13,14,19,21
22,29-0,1,3,4,5,6,8,11,13,19,21
22-0,1,3,4,5,6,8,11,13,19,21
22-0,1,3,4,5,6,8,9,10,11,13,14,19
20,24,29-0,1,3,4,5,6,8,10,11,13,19,21
20,22-0,1,3,4,5,6,8,9,10,11,13,14,19
20,22,24,29-0,1,3,4,5,6,8,9,10,11,12,13,14
20,22-0,1,3,4,5,6,8,9,10,11,13,14,22
20-0,1,3,4,5,6,8,10,11,13,14,19
20,22,24-0,1,3,4,5,6,8,9,11,12,13,14,21,22
22,24-0,1,3,4,5,6,8,9,11,12,13,14
22-0,1,3,4,5,6,8,9,11,13,14,19,21
20,22,24-0,1,3,4,5,6,8,9,10,11,13,22
22,24-0,1,3,4,5,6,8,11,13
20,24-0,1,3,4,5,6,8,10,11,12,13,14,19
20,24-0,1,3,4,5,6,8,9,10,11,13,14,19
20,24-0,1,3,4,5,6,8,9,10,11,12,13,14,19
20-0,1,3,4,5,6,8,9,10,11,13,19,22
20,24-0,1,3,4,5,6,8,10,11,12,13,19
29-1,4,5,8,10,11,13,19,22
20,25-0,1,4,5,8,9,10,11,13,19
20,22,25-0,1,4,5,8,10,11,13,19,21
20,25-0,1,4,5,8,10,11,13,19,21
27-1,3,4,5,6,8,9,10,11,12,13,19,21
27-0,1,3,4,5,6,8,10,11,13,19,21
27-0,1,3,4,5,6,8,10,11,13,14,19,21
27,29-1,3,4,5,6,8,10,11,13,19,21,22
-1,3,4,5,6,8,10,11,12,13,19
27-1,3,4,5,6,8,9,10,11,13,14,19,21
25,29-0,1,3,4,5,6,8,10,11,12,13,19,21
-0,1,3,4,5,6,8,10,11,12,13,14,19
27,29-1,3,4,5,6,8,9,10,11,13,19,21
-0,1,3,4,5,6,8,10,11,12,13,19,22
27,29-1,3,4,5,6,8,9,10,11,13,19,21
27,29-0,1,3,4,5,6,8,11,13,19,21,22
-0,1,3,4,5,6,8,10,11,13,19,21,22
-1,3,4,5,6,8,10,11,13,14,19,21
24-0,1,3,4,5,6,8,9,10,11,13,19,21
22-0,1,3,4,5,6,8,11,13,19,21
22-1,3,4,5,6,8,10,11,13,19,21
22-1,3,4,5,6,8,11,12,13,14,19,21,22
22-1,3,4,5,6,8,10,11,13,14,19,21
22-1,3,4,5,6,8,10,11,13,14,19,21,22
22-1,3,4,5,6,8,11,13,14,19,21
-0,1,3,4,5,6,8,11,12,13,14,19,21
-0,1,3,4,5,6,8,10,11,12,13,14,19,21
20,24,29-0,1,3,4,5,6,8,10,11,13,14,19,21
24-0,1,3,4,5,6,8,9,10,11,13,19
27,29-0,1,3,4,5,6,8,9,10,11,12,13,14,19,22
1,25-1,3,4,5,6,8,9,10,11,13,19,22
20,24-0,1,3,4,5,6,8,10,11,12,13,19,22
20-1,3,4,5,6,8,10,11,13,14,19
25-1,3,4,5,6,8,10,11,13,19
20,24-0,1,3,4,5,6,8,11,12,13,14,19,21
20,24-0,1,3,4,5,6,8,10,11,12,13,14,19
27-1,3,4,5,6,8,10,11,13,14,19,21
22-0,1,3,4,5,6,8,10,11,13,14,19,21,22
22-0,1,3,4,5,6,8,10,11,13,14,21
22-0,1,3,4,5,6,8,10,11,13,14,19,21,22
22-0,1,3,4,5,6,8,10,11,13,14,19,21
22-0,1,3,4,5,6,8,10,11,12,13,22
4,22,29-0,1,3,4,5,6,8,9,10,11,13,21
22-0,1,3,4,5,6,8,9,10,11,13,19,21
-0,1,3,4,5,6,8,9,10,11,12,13,19
22-0,1,3,4,5,6,8,9,10,11,13,14
22-0,1,3,4,5,6,8,9,10,11,13,14,21
4,22-0,1,3,4,5,6,8,9,10,11,12,13,14,21
4,22-0,1,3,4,5,6,8,9,10,11,12,13,14
4,22-0,1,3,4,5,6,8,9,10,11,12,13,14,21
22-0,1,3,4,5,6,8,9,10,11,12,13,14
22-0,1,3,4,5,6,8,9,10,11,12,13,14
22-0,1,3,4,5,6,8,9,10,11,12,13,14,21,22
18,22-0,1,2,3,4,5,6,8,9,10,11,12,13,14,21,23
18,22-0,1,3,4,5,6,8,9,11,13,14,21
22-0,1,3,4,5,6,8,9,10,11,12,13,14
18,22-0,1,3,4,5,6,8,9,10,11,12,13,14
22-0,1,3,4,5,6,8,9,10,11,12,13,14
18-0,1,3,4,5,6,8,9,10,11,13
22-0,1,3,4,5,6,8,9,10,11,13,14
22-0,1,2,3,4,5,6,8,9,10,11,13,22
18,22-0,1,3,4,5,6,8,9,10,11,13,14
6-0,1,3,4,5,6,8,10,11,13,19,21
4,22-0,1,3,4,5,6,8,10,11,12,13,14,21
18,22-0,1,3,4,5,6,8,9,10,11,12,13,14,19
18,22-0,1,2,3,4,5,6,8,9,10,11,13,14
18,22-0,1,3,4,5,6,8,9,10,11,12,13,14,21
22-0,1,3,4,5,6,8,9,10,11,13,14,21
4,22-0,1,3,4,5,6,8,9,10,11,12,13,14
4,22-0,1,2,3,4,5,6,8,10,11,12,13,14,22
-0,1,3,4,5,8,9,10,11,13,14,21,22
-0,1,3,4,5,6,8,10,11,13,14,21
27,29-0,1,3,4,5,6,8,10,11,13,14,21
22,29-0,1,3,4,5,6,8,10,11,13,14,21
-0,1,3,4,5,6,8,9,10,11,12,13,14
22-0,1,3,4,5,6,8,10,11,12,13,14,19,21
-0,1,3,4,5,6,8,10,11,12,13,19,21
-0,1,3,4,5,6,8,9,10,11,12,13,19,21
27-0,1,3,4,5,6,8,10,11,12,13,19,21
-1,3,4,5,6,7,8,10,11,13,14,19,21
22,29-0,1,3,4,5,6,8,10,11,13,19,21
27-0,1,3,4,5,6,8,10,11,12,13,19,21
4-0,1,3,4,5,6,8,10,11,12,13,14,19
-0,1,3,4,5,6,8,9,10,11,13,14,21,22
22-0,1,3,4,5,6,8,10,11,12,13,21
4-0,1,3,4,5,6,8,9,10,11,12,13,22
6,22-0,1,3,4,5,6,8,9,10,11,12,13,19
6,22-0,1,3,4,5,6,8,11,12,13,19,21
6-0,1,3,4,5,6,8,10,11,13,14,19
6-0,1,3,4,5,6,8,10,11,12,13,14,19,21
6-0,1,3,4,5,6,8,10,11,12,13,14,19,21
6,22-0,1,3,4,5,6,8,10,11,13,19,21
6,22,30-0,1,3,4,5,6,8,10,11,12,13,14,19,21
-0,1,3,4,5,6,8,10,11,13,14,19,21,22
4,22-1,3,4,5,6,8,10,11,13,14,19,21
-0,1,3,4,5,6,8,11,13,14,19,21
6,27-0,1,3,4,5,6,8,11,12,13,14,19,21
-1,3,4,5,6,8,10,11,13,14,19,21
6,22-0,1,3,4,5,6,8,9,10,11,13,19,21
22-0,1,3,4,5,6,8,10,11,13,19,21
22,29-0,1,3,4,5,6,8,11,13,14,19
6,22-1,3,4,5,6,8,11,13,19,21
6,22-1,3,4,5,6,8,10,11,13,19,21
22-0,1,3,4,5,6,8,10,11,13,19,21
22-1,3,4,5,6,8,11,12,13,19,21
-1,3,4,5,6,8,11,12,13,21
4,22-1,3,4,5,6,8,11,12,13,14,19,21
4,6,22-0,1,3,4,5,6,8,11,13,14,19,21
-0,1,3,4,5,6,8,10,11,13,14,21
22-0,1,3,4,5,6,8,10,11,12,13,19,21
6,22-0,1,3,4,5,6,8,11,13,14,19,21
22-0,1,2,3,4,5,6,8,10,11,13,14
4,22-0,1,3,4,5,6,8,11,13,19
0,4,22-0,1,3,4,5,6,8,11,13,14,19,21
0,22-0,1,2,3,4,5,6,8,9,11,13,19,21
0,4,22-0,1,2,3,4,5,6,8,10,11,13,19,21
-0,1,3,4,5,6,8,11,13,19,21
0-0,1,2,3,4,5,6,8,11,13,14,19
0,22-0,1,3,4,5,6,8,9,10,11,13,19
0,22-0,1,2,3,4,5,6,8,9,10,11,13,14,19
0,4,22-0,1,3,4,5,6,8,11,13,19
0,22-0,1,3,4,5,6,8,9,10,11,13,19,22
0,22-0,1,3,4,5,6,8,9,10,11,13,19,23
0,4,22-0,1,3,4,5,6,8,10,11,12,13,19
0,4,22-0,1,3,4,5,6,8,10,11,13,19
0,4,22-0,1,2,3,4,5,6,8,10,11,13,19,21
0,4,22-0,1,2,3,4,5,6,8,9,10,11,13,19
0,4,6,22-0,1,3,4,5,6,8,10,11,13,19
0,22-0,1,2,3,4,5,6,8,9,10,11,12,13,14,19
22-0,1,3,4,5,6,8,10,11,13,14,19
20,22-0,1,3,4,5,6,8,9,10,11,13,19,22
-0,1,3,4,5,6,8,9,11,13,14,19,21,22
22-0,1,3,4,5,6,8,9,10,11,13,19
4,22-0,1,3,4,5,6,8,9,10,11,13,14,19,21,22
4,22-0,1,3,4,5,6,8,9,11,13,14,19
22-0,1,3,4,5,6,8,9,10,11,12,13,14,19,21
-0,1,3,4,5,6,8,9,10,11,13,14,19
6,20,22,29-0,1,3,4,5,6,8,9,10,11,13,19
4,22-0,1,3,4,5,6,8,9,11,13,14,19
22-0,1,3,4,5,6,8,9,10,11,12,13,14,19,22
