0,1-0,1,2,3,4,5,6,7,8,9,10,11,12,13
0,2-1,2,3,4,5,6,7,8,9,10,12,13
0,1-1,2,3,4,5,6,7,8,9,10,12,13,14
0,1-1,2,3,4,5,6,7,8,9,10,12,13
0,1-0,1,2,3,4,5,6,7,8,9,11,12,13,15
0,1-0,1,3,4,5,6,7,8,9,10,12,13,14
0,1-0,1,2,3,4,5,6,7,8,9,10,12,13
0,1-0,1,2,3,4,5,6,7,8,9,10,12,13
0,1-0,1,2,3,4,5,6,7,8,9,10,12,13,16
0,1-0,1,2,3,4,5,6,7,8,9,10,12,13,15,17
0,1-0,1,2,3,4,5,6,7,8,9,10,11,12,13
0,1-0,1,2,3,4,5,6,7,8,9,10,11,12,13
0,1-2,3,4,5,6,7,8,9,11,12,13,17
0,1-1,2,3,4,5,6,7,8,9,10,11,12,13,15
0,1-1,2,3,4,5,6,7,8,9,10,12,13,17
0,1,3-1,2,3,4,5,6,7,8,9,11,12,13,17
0,1-0,1,2,3,4,5,6,7,8,9,10,11,12,13,17,18
0,2-1,2,3,4,5,6,7,8,9,10,12,13
0,1-1,2,3,4,5,6,7,8,9,11,12,13
0,2-0,1,2,3,4,5,6,7,8,9,10,11,13
0,1-0,1,2,3,4,5,6,7,8,9,11,12,13
0,1-0,2,3,4,5,6,7,8,9,12,13
0,1-0,1,2,3,5,6,7,8,9,10,11,12,13
0,1-0,1,2,3,4,5,6,7,8,9,11,12,13
0,1-0,1,2,3,4,5,6,7,8,9,10,11,12,13
0,1-0,1,2,3,4,5,6,7,8,9,11,12,13
0,2,4-0,1,2,3,4,5,6,7,8,9,12,13,16
0,4-0,1,2,3,4,5,6,7,8,9,11,12,13
0,1,5-0,1,2,3,4,5,6,7,8,9,11,12
0,1,4-1,2,3,4,5,6,7,8,9,12
0,1-1,2,3,4,5,6,7,8,9,11,12,13
0,1-1,2,3,4,5,6,7,8,9,12,13
0,1,6,7-1,2,3,4,5,6,7,8,9,11,12,13
0,1,5-1,2,3,4,5,6,7,8,9,11,12,13
0,1,4,5-2,3,4,5,6,7,8,9,11,12,13,17
0,1,5,7,8-1,2,3,4,5,6,7,8,9,11,12,13,15
0,1-1,2,3,4,5,6,7,8,9,11,12,13,17
0,1,5,7,8-2,3,4,5,6,7,8,9,11,12,13
0,2,8-1,2,3,4,5,6,7,8,9,11,12,13
0,1-1,2,3,4,5,6,7,8,9,11,12,13
0,1-1,2,3,4,5,6,7,8,9,11,12,13,15
0,1-1,2,3,4,5,6,7,8,9,11,12,13
0,1-0,1,2,3,4,5,6,7,8,9,11,12,13
0-1,2,3,4,5,6,7,8,9,12,13
0,1-1,2,3,4,5,6,7,8,9,12,13
0,1,8-1,2,3,4,5,6,7,8,9,11,12,13
0,8-1,2,3,5,6,7,8,9,12,13,15
0,8-1,2,3,4,5,6,7,8,9,11,12,13
0,2,8-1,2,3,4,5,6,7,8,9,11,12,13,18
0,8-1,2,3,4,5,6,7,8,9,12,13,15
0,1-2,3,4,5,6,7,8,9,11,12,15
0,1,8-2,3,4,5,6,7,8,9,11,12,13,18,19
0,8-1,2,3,4,5,6,7,8,9,11,12,15
0,8-1,2,3,4,5,6,7,8,9,11,12,15
0,1,8-2,4,5,6,7,8,12,13,15,17
0,2,8-1,2,3,4,5,6,7,8,9,11,12,13,17
0,1,8-2,4,5,6,7,8,9,11,12,13,19
0,8-2,4,5,6,7,8,9,11,12,13,20
0,1,8-2,4,5,6,7,8,9,11,12,20
0,1,8-2,3,4,5,6,7,8,9,11,12,13,17
8-2,3,4,5,6,7,8,9,11,12,13,17,18
0,1,8-2,3,4,5,6,7,8,9,12,15,20
0,1-2,3,5,6,7,8,9,11,12,13,15,17,20
0-2,3,4,5,6,7,8,9,11,12,13,15,17,20
0,1,8-2,3,4,5,6,7,8,9,17
0,8-2,4,5,6,7,8,9,11,12,15,17
0,1-2,3,4,5,6,7,8,9,11,12,13,15,19
0,1,8-2,3,4,5,6,7,8,9,11,15
0,1-2,3,4,5,6,7,8,9,11,12,19
0,1,8-0,2,3,4,5,6,7,8,9,11,12,17
0,1,8-2,3,4,5,6,7,8,9,11,12,13
0,1,8-2,3,4,5,6,7,8,9,11,12,17
0,1,8-2,3,4,5,6,7,8,9,11,17
0,8-2,3,4,5,6,7,8,9,11,13,15,17
0,1-2,3,4,5,6,7,8,9,12,17
0,8-2,3,4,5,6,7,8,9,11,12,17
0,8-2,3,4,5,6,7,8,9,11,12,17
0,4-2,3,4,5,6,7,8,9,11,17
0,8-2,3,4,5,6,7,8,9,11,12
0,2-2,3,4,5,6,7,8,9,11,12,17
0-0,2,3,4,5,6,7,8,9,11,12,17
0-0,2,3,4,5,6,7,8,9,11,12,17
0,1,8-0,2,4,5,6,7,8,9,11,12,13,15,17
0-0,2,3,4,5,6,7,8,9,11,17
0-2,3,4,5,6,7,8,9,11,12,17
0,1,9-0,2,3,4,5,6,7,8,9,11,12,15,17
0,1,3-0,2,3,4,5,6,7,8,9,11
0,2-0,2,3,4,5,6,7,8,9,11,12,13,15
0,8-0,2,3,4,5,6,7,8,9,11,12,13,17
0-0,2,3,4,5,6,7,8,9,11,12,17
0,1-2,3,4,5,6,7,8,9,11,12,13
0-0,2,3,4,5,6,7,8,9,11,12,13,15,17
0,1-1,2,3,4,5,6,7,8,9,11
0-0,1,2,3,4,5,6,7,8,9,10,11,12,13
0-0,1,2,3,4,5,6,7,8,9,10,11,13,17
0,1-0,1,2,3,4,5,6,7,8,9,10,11,12
1-0,1,2,3,4,5,6,7,8,9,10,13,19
1-0,1,2,3,4,5,6,8,9,10,11,19
1-0,1,2,3,4,5,6,7,8,9,10,12,17
1-0,1,2,3,4,5,6,7,8,9,10
1,3-0,1,2,3,4,5,6,7,8,9,10
1-0,1,2,3,4,5,6,7,8,9,10,17
1,3-0,1,2,3,4,5,6,7,8,9,10,17,19
1,3-0,1,2,3,4,5,6,7,8,9,10,19
1,3-0,1,2,3,4,5,6,7,8,9,10,19
0,2-0,1,2,3,4,5,6,7,8,9
0-0,1,2,3,4,5,6,7,8,9,19
0-0,1,2,3,4,5,6,7,8,9,10,12,19
0-0,1,2,3,4,5,6,7,8,9,12,13
0,4-0,1,2,3,4,5,6,7,8,9,10,11,13
0,1-0,1,2,3,4,5,6,8,9,19
0,1-0,1,2,3,4,5,6,7,8,9,10,12,19
0,3-0,1,2,3,4,5,6,7,8,9,11,12,19
1-0,1,2,3,4,5,6,7,8,9,10,17,19
1,3-0,1,2,3,4,5,6,7,8,9,10,12,19
1-0,1,2,3,4,5,6,7,8,9,10,12
1,3-0,1,2,3,4,5,6,7,8,10,19
-0,1,2,3,4,5,6,7,8,9,10
-0,1,2,3,4,5,6,7,8,9,10
-0,1,2,3,4,5,6,7,8,9,10,17
10-0,1,2,3,4,5,6,7,8,9,10,11,21
1,10-0,1,2,3,4,5,6,7,8,9,10,11,19
1-0,1,2,3,4,5,6,7,8,9,10,19
0,1-1,2,3,4,5,6,7,8,9,10,11,19
1-0,1,2,3,4,5,6,7,8,9,10,11,19
1-0,1,2,3,4,5,6,7,8,9,10,11
0,1-0,1,2,3,4,5,6,7,8,9
0,10-0,1,2,3,4,5,6,7,8,9,10,11,17
0,2-0,1,2,3,4,5,6,7,8,9,10,11,17
0,1,10-0,1,2,3,4,5,6,7,8,9,10,11
0,1,10-0,1,2,3,5,6,7,8,9,10,11,17
0,2,10-0,1,2,3,4,5,6,7,8,9,10,11,17,21
0,1-0,1,2,3,4,5,6,7,8,9,11
0,10-0,1,2,3,4,5,6,7,8,9,10,11,17
0,1,10-0,1,2,3,4,5,6,7,8,9,10,11,17
0,1,3-0,1,2,3,4,5,6,7,8,9,10,11,17
0,1,10-0,1,2,3,4,5,6,7,8,9,10,11,17
0-0,1,2,3,4,5,6,7,8,9,10,11,17
0,2,10-0,1,2,3,4,5,6,7,8,9,10,11,17,21
0,1,10-0,1,2,3,4,5,6,7,8,9,10,11,17
0,1,10-0,1,2,3,4,5,6,7,8,9,10,11,17
0,2,10-0,1,2,3,4,5,6,7,8,9,10,11,17
0,1,10-0,1,2,3,4,5,6,7,8,9,10,11,17
0,1,10-0,1,2,3,4,5,6,7,8,9,10,11,17
0,10-0,1,2,3,4,5,6,7,8,9,10,11,17,19
0,10-0,1,2,3,4,5,6,7,8,9,10,11,17
0,1-0,1,2,3,4,5,6,7,8,9,10,11,17
1,10-0,1,2,3,4,5,6,7,8,9,11,17,19
0,1,10-0,1,2,3,4,5,6,7,8,9,10,11
1,10-0,1,2,3,4,5,6,7,8,9,10,11,17
0,1-0,1,2,3,4,5,6,7,8,9,10,11
2,10-0,1,2,3,4,5,6,7,8,9,10,11,17
0-0,1,2,3,4,5,6,7,8,9,10,11,17
0,2,10-0,1,2,3,4,5,6,7,8,9,11,17
0,10-0,1,2,3,4,5,6,7,8,9,11,17
0,1,10-0,1,2,3,4,5,6,7,8,9,10,17
0,2,10-0,1,2,3,4,5,6,7,8,9,10,11,17
0,10-0,1,2,3,5,6,7,8,9,10,11,17
0,10-0,1,2,3,4,5,6,7,8,9,10,11,17
0,1,3,10-0,1,2,3,5,6,7,8,9,10,11,17
0,10-0,1,2,3,4,5,6,7,8,9,10,11,19
0,1,10-0,1,2,3,4,5,6,7,8,9,10,11,17
0,1,10-0,1,2,3,4,5,6,7,8,9,10,11,17
0,10-0,1,2,3,4,5,6,7,8,9,10,11,17
0,1,10-0,1,2,3,4,5,6,7,8,9,10,11,17,19
0,1,10-0,1,2,3,4,5,6,7,8,9,10,11,17,19
0,10-0,1,2,3,4,5,6,7,8,9,10,11,17
0,10-0,1,2,3,4,5,6,7,8,9,10,11
0,1,10-0,1,2,3,4,5,6,7,8,9,10,11,17
0,1,10-0,1,2,3,4,5,6,7,8,9,10,11,17
0,1,10-0,1,2,3,4,5,6,7,8,9,10,11,17
0,1,10-0,1,2,3,4,5,6,7,8,9,10,11,17
0,10-0,1,2,3,4,5,6,7,8,9,10,11,17
0,1,10-0,1,2,3,4,5,6,7,8,9,10
0,1,10-0,1,2,3,4,5,6,7,8,9,10,11,17
0,10-0,1,2,3,4,5,6,7,8,9,10,11
0,1,10-0,1,2,3,4,5,6,7,8,9,10,11,17
0,10-0,1,2,3,4,5,6,7,8,9,10,17
0,1,10-0,1,2,3,4,5,6,7,8,9,10,11
1,10-0,1,2,3,4,5,6,7,8,9,10,11
0,2-0,1,2,3,4,5,6,7,8,9,10,17
0,1,10-0,1,2,3,4,5,6,7,8,9,10,11
0,1,10-0,1,2,3,4,5,6,7,8,9,11,17,21
0,10-0,1,2,3,5,6,7,8,9,10,11,17,21
0,2,10-0,1,2,3,5,6,7,8,9,10,11,17
0,10-0,1,2,3,5,6,7,8,9,10,11,19
0,1,10-0,1,2,3,4,5,6,7,8,9,10,11
0,2,10-0,1,2,3,4,5,6,7,8,9,10,11,17
0,10-0,1,2,3,5,6,7,8,9,10,11,17,19,21
10-0,1,2,3,4,5,6,7,8,9,10
0,10-0,1,2,3,5,6,7,8,9,10,12,19
1,10-0,1,2,3,4,5,6,7,8,9,10
1,10-0,1,2,3,4,5,6,7,8,9,10
1,10-0,1,2,3,4,5,6,7,8,9,10,12,19
2,10-0,1,2,3,4,5,6,7,8,9,10,11,12
0,10-0,1,2,3,4,5,6,7,8,9,10,11,21
0,1,10-0,1,2,3,4,5,6,7,8,9,10,11,17
0,1,10-0,1,2,3,4,5,6,7,8,9,10,17
0,2,10-0,1,2,3,4,5,6,7,8,9,10,11,17,19
1,10-0,1,2,3,4,5,6,8,9,10,19
1,10-0,1,2,3,4,5,6,7,8,9,10,19
1-0,1,2,3,4,5,6,7,8,9,10
-0,1,2,3,4,5,6,7,8,9,10,11,19
-0,1,2,3,4,5,6,7,8,9,10,11,17
-0,1,2,3,4,5,6,7,8,9,10,11
-1,2,3,5,6,7,8,9,10,11
-1,2,3,5,6,7,8,9,10,11,12,17
-1,2,3,5,6,7,8,9,10,11
-1,2,3,4,5,6,7,8,9,10
1,11-0,1,2,3,4,5,6,7,8,9,19
11,12-0,1,2,4,5,6,7,8,9,10
-0,1,2,3,4,5,6,7,8,9,10,19
1-1,2,3,4,5,6,7,8,9,10,19
1-1,2,3,4,5,6,7,8,9,10,19
13-1,2,3,4,5,6,7,8,9,10,11,17
0-1,2,3,4,5,6,7,8,9,10,11,17
0,1,3-1,2,3,4,5,6,7,8,9,10,11,17
-1,2,3,4,5,6,7,8,9,10,12,17
-1,2,3,4,5,6,7,8,9,10,11,17
-1,2,3,4,5,6,7,8,9,10,11,12
-0,1,2,3,4,5,6,7,8,9,10
1-1,2,3,4,5,6,7,8,9,10,17,19
0-1,2,3,6,7,8,10,11,17
-0,1,2,3,4,5,6,7,8,9,10,12,17
-0,1,2,3,4,5,6,7,8,9,10
0,1-0,1,2,3,4,5,6,7,8,9,10,11,19
1-0,1,2,3,4,5,6,7,8,9,10,11,19
1-0,1,2,3,4,5,6,7,8,9,10
1-0,1,2,3,4,5,6,7,8,9,10,11,12
1-0,1,2,3,4,5,6,7,8,9,10,19
1-0,1,2,3,4,5,6,7,8,9,10,17,19
1-0,1,2,3,4,5,6,7,8,9,10
1-1,2,3,4,5,6,7,8,9,10,11,12,19
0,1-1,2,3,4,5,6,7,8,9,10,11,19
-0,1,2,3,4,5,6,7,9,10
0,1,14-0,1,2,3,4,5,6,7,9,10
-0,1,2,3,4,5,6,7,8,9,19
-0,1,2,4,5,6,7,8,9
-0,1,2,4,5,6,7,9,11
-0,1,2,5,6,7,9,11
-0,1,2,4,5,6,7,8,9,11,19
-0,1,2,4,5,6,7,8,9,11
-0,1,2,5,6,7,8,9,11
-0,1,4,5,6,7,8,9,11
-0,1,2,4,5,6,7,8,9,11,17
-1,2,4,5,6,7,8,9,11,17
15-1,2,3,4,5,6,7,8,9,11,17
16-1,2,4,5,6,7,8,9,11
-1,2,4,5,6,7,8,9,11,17
-1,2,4,5,6,7,8,9,11,17
-1,2,4,5,6,7,8,9,11,17,19
-1,2,4,5,6,7,8,9,11,17
-1,2,4,5,6,7,8,9,11,17
-1,2,4,5,6,7,8,9,17
-1,2,4,5,6,7,8,9,11,17
-1,2,4,5,6,7,8,9,11,17
-1,2,4,5,6,7,8,9,11,17,19
-1,2,4,5,6,7,8,9,11,17
-1,2,4,5,6,7,8,9,11,17
-1,2,4,5,6,7,8,11,17
-1,2,4,5,6,7,8,9,11,17,19
-1,2,4,5,6,7,8,9,11,19
-1,2,3,4,5,6,7,8,9,11,17
-1,2,4,5,6,7,8,9,11,17
-1,2,4,5,6,7,8,9,17
-1,2,4,5,6,7,8,9,17,19
-1,2,4,5,6,7,8,9,17
-1,2,4,5,6,7,8,9,11
-1,2,4,5,6,7,8,9,11
-1,2,4,5,6,7,8,9,17
-1,2,4,5,6,7,8,9
-1,2,4,5,6,7,8,9,17
-1,2,3,4,5,6,7,8,9,10,11,17
-1,2,4,5,6,7,8,9,10
-1,2,3,4,5,6,7,8,9,17
-1,2,3,4,5,6,7,8,9,10
-1,2,3,5,6,7,8,9,10,17
-1,2,4,5,6,7,8,9,17
-1,2,4,5,6,7,8,9,10,17
-1,2,4,5,6,7,8,9,17,19
-1,2,5,6,7,8,9
-1,2,4,5,6,7,8,9,17
-1,2,4,5,6,7,8,9,17,19
-2,3,4,5,6,7,8,9
-1,2,4,5,6,7,8,9,11,17
-1,2,4,5,6,7,8,9,11,17
-1,2,4,5,6,7,8,9,11,17
-1,2,4,5,6,7,8,9,11,17
-1,2,4,5,6,7,8,9,11,19
-1,2,5,6,7,8,17
15-1,2,4,5,6,7,8,9
-1,2,4,5,6,7,8,9,11,19
-1,2,4,5,6,7,8,9,11,17
-1,2,5,6,7,8,9,11,17
-1,2,4,5,6,7,8,9,11,17
-1,2,4,5,6,7,8,9,11,19
-1,2,4,5,6,7,8,9,11
-1,2,4,5,6,7,8,9,11
-1,2,4,5,6,7,8,9
-1,2,4,5,6,7,8,9,11
-1,2,4,5,6,7,9,11,19,20
-1,2,4,5,6,7,8,9
-1,2,4,5,6,7,8,9
-1,2,4,5,6,7,8,9,11
-1,2,4,5,6,7,8,9,11,17,19
-1,2,4,5,6,7,8,9,11,17
-1,2,5,6,7,8,9,11,19
-1,2,4,5,6,7,9,11,17
-1,2,4,5,6,7,9,11,17
-0,1,2,4,5,6,7,9,11,17
-0,1,2,4,5,6,7,9,11,16,17,19
-0,1,2,4,5,6,7,9,11,16,17
-0,1,2,4,5,6,7,9,11,17,19
-0,1,2,4,5,6,7,9,11,16,17
-1,2,5,6,7,9,11,17
-1,2,4,5,6,7,9,11,17,20
-0,1,2,5,6,7,9,11,16,17,19
-0,1,2,5,6,7,9,11,17
17-1,2,4,5,6,7,9,11
17-1,2,4,5,6,7,8,9,11,17
17-1,2,4,5,6,7,8,9,11,17
17-1,2,4,5,6,7,8,9,11,17
17-1,2,4,5,6,7,8,9,11
17-1,2,3,4,5,6,7,8,9,11,17,19
17-1,2,4,5,6,7,8,9,11,12,17
17-1,2,3,5,6,7,8,9,11,12,17,19
17,18-1,2,4,5,6,7,8,9,11,12,17
17,18-1,2,4,5,6,7,8,9,11,12
17-1,2,4,5,6,7,8,9,11,12,17
17-1,2,3,4,5,6,7,8,9,11,12
17-1,2,3,4,5,6,7,8,9,11,12,17
17-1,2,3,4,5,6,7,8,9,11,17,19
17-1,2,3,5,6,7,8,9,11,12,17
17-1,2,3,4,5,6,7,8,9,11,17
17-1,2,3,5,6,7,8,11,12,17
17-1,2,4,5,6,7,8,12,19
17-1,2,4,5,6,7,8,9,11,12,17
-1,2,3,4,5,6,7,8,9,11,12,17
-1,2,3,5,6,7,8,11,12,19
-1,2,3,4,5,6,7,8,9,11,12
17-0,1,2,4,5,6,7,8,9,11,12
-0,1,2,4,5,6,7,8,9,11
-0,1,2,4,5,6,7,8,9,11
-0,1,2,4,5,6,7,8,9,11,19
-0,1,2,4,5,6,7,8,11,12,19
-1,2,4,5,6,7,8,9,11,12
-1,2,4,5,6,7,8,9,11
-0,1,2,4,5,6,7,8,9,11,19
-0,1,2,4,5,6,7,8,9,11,16
7-1,2,4,5,6,7,8,9,11,12,16,17
-0,1,2,4,5,6,7,8,9,11,12,16,19
7-1,2,4,5,6,7,8,9,11,12,16
7-1,2,4,5,6,7,8,9,11,12,16,19,20,22
7-0,1,2,4,5,6,7,8,9,11,12,16
7-1,2,4,5,6,7,8,9,11,12,16
-1,2,4,5,6,7,8,11,12,16,19
-1,2,4,5,6,7,8,9,11,12
-0,1,2,4,5,6,7,8,9,11,12,19
-0,1,2,4,5,6,7,8,11,12,16
-0,1,2,4,5,6,7,8,9,11,12,19
-0,1,2,4,5,6,7,8,9,11,12,16,19
-0,1,2,4,5,6,7,8,11,12,19
-0,1,2,4,5,6,7,8,11,16,19
-1,2,4,5,6,7,8,11,19
-1,2,4,5,6,7,8,11,12
-0,1,2,4,5,6,7,8,11,16
-0,1,2,4,5,7,8,11,12,16
-1,2,4,5,6,7,8,11,12,16
-0,1,2,4,5,6,7,8,11,12,16
-0,1,2,4,5,6,7,8,11,19
-0,1,2,4,5,6,7,8,9,11,12,16
-0,1,2,4,5,6,7,8,9,11,12,16
-0,1,2,4,5,6,7,8,11,12,16
-1,2,4,5,6,7,8,11,12,16
17-1,2,4,5,6,7,8,11,12,16,19
17-1,2,4,5,6,7,8,9,11,12,16,19
17-0,1,2,4,5,6,7,8,9,11,12,19
-0,1,2,4,5,6,7,8,9,11,12,16
17-0,1,2,4,5,6,7,8,9,11,12,16,19
17-0,1,2,4,5,6,7,8,9,11,12,16
17-0,1,2,4,5,6,7,8,11,12,16
-0,1,2,4,5,6,7,8,11,12,16,19
-0,1,2,4,5,6,7,8,11,12,16
-0,1,2,4,5,6,7,8,9,11,12,16,19
17-0,1,2,4,5,6,7,8,9,11,12
17-1,2,4,5,6,7,8,9,11,12,16,19
-1,2,4,5,6,7,8,9,11,12,16
17-1,2,4,5,6,7,8,11,12,16,20
17-0,1,2,4,5,6,7,8,11,12,16
7,17-1,2,4,5,6,7,8,11,12,16,19
7-1,2,4,5,6,7,8,11,12,16,20
7,17-1,2,4,5,6,7,8,11,12,16,20
7,17-1,2,4,5,6,7,8,9,11,12,16,20
7,17-1,2,4,5,6,7,8,9,11,12,16
7,17-0,1,2,4,5,6,7,8,9,11,12,16,19,20
7-0,1,2,4,5,6,7,8,9,11,12,16,20
7,17-1,2,4,5,6,7,8,9,11,12,16,20
7,17-0,1,2,4,5,6,7,8,9,11,12,16,20
-1,2,4,5,6,7,8,9,11,12,16,20
17-1,2,4,5,6,7,8,9,11,12,16,20
7,17-0,1,2,4,5,6,7,8,9,11,12,16,20
7-0,1,2,4,5,6,7,8,9,11,16,19,20
17-0,1,2,4,5,6,7,8,9,11,12,16,19,20
17-0,1,2,4,5,6,7,8,9,11,16
17-0,1,2,4,5,6,7,8,9,11,12,16,20
17-0,1,2,4,5,6,7,8,9,11,16,19
-0,1,2,4,5,6,7,8,11,12,16,19
-0,1,2,4,5,6,7,8,11,12,16
-0,1,2,4,5,6,7,8,11,12,16
19-0,1,2,4,5,6,7,8,11,16
-0,1,2,4,5,6,7,8,11,12
-0,1,2,4,5,6,7,8,11,12
-1,2,4,5,6,7,8,9,11,12
-0,1,2,4,5,6,7,8,9,11,12,19
-0,1,2,4,5,6,7,8,9,11,16
-0,1,2,4,5,6,7,8,11,12
-1,2,4,5,6,7,8,9,11,12
-0,1,2,4,5,6,7,9,11,12
19-1,2,4,5,6,7,8,9,11
-1,2,4,5,6,7,8,9,11
-0,1,2,4,5,6,7,8,9,11,12
-0,1,2,4,5,6,7,8,11,12,16
-0,1,2,4,5,6,7,8,9,11
-0,1,2,4,5,6,7,8,9,11
-0,1,2,4,5,6,7,8,11,12
-1,2,4,5,6,7,8,9,11,12,19
-1,2,4,5,6,7,8,9,11,12,16
-1,2,4,5,6,7,8,9,11,19
-1,2,4,5,6,7,8,9,11,19
-0,1,2,4,5,6,7,8,9,11,19
-0,1,2,4,5,6,7,8,9,11,19
-0,1,2,4,5,6,7,8,9,11,12
-0,1,4,5,6,7,8,9,11,19
-0,1,4,5,6,7,8,9,11,16
-1,2,4,5,6,7,8,9,11
-0,1,2,4,5,6,7,8,9,11
-1,4,5,6,7,8,9,11
-0,1,2,4,5,6,7,8,11,16
19-0,1,2,4,5,6,7,8,9,11
-0,1,2,4,5,6,7,8,9,11
-0,1,2,4,5,6,7,9,11
19,20-0,1,2,4,5,6,7,8,9,11
-0,1,2,4,5,6,7,8,11,12
-0,1,2,4,5,6,7,8,9,11,19
-0,1,2,4,5,6,7,8,9,11
-0,1,2,4,5,6,7,8,9,11
17-1,2,4,5,6,7,8,11,12,16
17-1,2,4,5,6,7,8,11
17-1,2,4,5,6,7,8,9,11,12
17-1,2,4,5,6,7,9,11,12
17-1,2,4,5,6,7,8,9,11,19
17,19-0,1,2,4,5,6,7,8,9,11
17-0,1,2,4,5,6,7,8,9,11
17-0,1,2,4,5,6,7,9,11
17-0,1,2,4,5,6,7,8,9,11,12
17-0,1,2,4,5,6,7,8,9,11,12
17-0,1,2,4,5,6,7,8,11,12
17-0,1,2,4,5,6,7,9,11,12
17-0,1,2,4,5,6,7,9,11,12
-0,1,2,4,5,6,7
17-0,1,2,4,5,6,7,9,11
17-0,1,2,4,5,6,7,11,12
17-0,1,2,4,5,6,7,11,12,19
7,17-0,1,2,4,5,6,7,11,12,16
17-0,1,2,4,5,6,7,8,11,16,20
17-0,1,2,4,5,6,7,8,9,11,12
17-1,2,4,5,6,7,8,9,11,12,16
17-1,2,4,5,6,7,8,9,11,12,16
-1,2,4,5,6,7,8,9,11,12,16
-1,2,4,5,6,7,8,9,11,12
17-0,1,2,4,5,6,7,8,11,12,16,19,20
17-0,1,2,4,5,6,7,8,9,11,16
7,17-0,1,2,4,5,6,7,8,9,11,16
-1,2,4,5,6,7,8,9,11,12,16,19
-0,1,2,4,5,6,7,8,9,11,12,19
17-0,1,2,4,5,6,7,9,11
17-1,2,4,5,6,7,9,11
17-0,1,2,4,5,6,7,9,11
17-0,1,2,4,5,6,7,9,11
17-0,1,2,4,5,6,7,9,11
17-1,2,4,5,6,7,9
17-0,1,2,4,5,6,7,12
17-0,1,2,4,5,6,7,11,12,16
17,19-1,2,4,5,6,7,9,11,12,19
17-0,1,2,4,5,6,7,11,12,16,20
17-1,2,4,5,6,7,16,20
17-1,2,4,5,6,7,11
17-1,2,3,4,5,6,7,9,11
17-1,2,4,5,6,7,9
17-1,2,3,4,5,6,7,9,11,12
17-1,2,3,4,5,6,7
17-1,2,3,4,5,6,7,11
17-1,2,3,4,5,6,7
7,17-1,2,4,5,6,7,9,11,12,20,22
7,17-1,2,4,5,6,7,9,11,16,19,20,23
7,17-1,2,4,5,6,7,9,11,16,20
7,17-1,2,4,5,6,7,9,11,12,20,22
7,17-1,2,4,5,6,7,9,11,16,20,22
7,17-1,2,4,5,6,7,9,11,12,16,20,22
7,17-1,2,4,5,6,7,9,11,12,20,22
7-1,2,4,5,6,7,19,20
7-0,1,2,3,4,5,6,7,11,16,19,20
7-0,1,2,4,5,6,7,11,12,16,20
7-0,1,2,3,4,5,6,7,11,16,20
7-0,1,2,4,5,6,7,11,12,16,20
-1,2,4,5,7,11,16,20
-0,1,2,3,4,5,6,7,11,16,20,24
-0,1,2,4,5,6,7,11,20,24
-0,1,2,4,5,6,7,20
-0,1,2,4,5,6,7,11,16,20
7-0,1,2,3,4,5,6,7,11,16,20
7-1,2,4,5,6,7,11,16,20
7-1,2,4,5,7,11,12,16,20
7-1,2,3,4,5,6,7,16,20
7-0,1,2,3,4,5,6,7,16,20,22
7-0,1,2,4,5,6,7,11,16,17,20
7-0,1,2,4,5,6,7,9,11,12,16,20,22
7-0,1,2,4,5,6,7,11,12,16,20
7-1,2,3,4,5,6,7,11,16,20,22
7-1,2,4,5,6,7,9,11,16,20
7-1,2,3,4,5,6,7,12,16,20
7-1,2,4,5,6,7,9,11,16,19,20
7-1,2,4,5,6,7,11,16,20
7-1,2,4,5,6,7,11,16,20
7-1,2,3,4,5,6,7,9,11,16,20
7-0,1,2,4,5,6,7,11,16,20
-0,1,2,4,5,6,7,9,11,16,20
7-1,2,4,5,6,7,9,11,16
-0,1,2,3,4,5,6,7,9,11,12,16,20
-1,2,3,4,5,6,7,9,11,19,20
-1,2,3,4,5,6,7,9,11,16,20,24
-0,1,2,3,4,5,6,7,9,11,16,17
-0,1,2,4,5,6,7,9,11,16,20
-1,2,4,5,6,7,12,16,20
-0,1,2,3,4,5,6,7,9,11,16,20
-1,2,3,4,5,6,7,9,11,16,17,20
19-0,1,2,3,4,5,6,7,11
-0,1,2,3,4,5,6,7,9,11,16,20
7-0,1,2,3,4,5,6,7,9,11,12,16,20
7-1,2,3,4,5,6,7,9,11,16,20
7-0,1,2,3,4,5,6,7,9,11,16
7-0,1,2,4,5,6,7,11,12,16,20
-0,1,2,4,5,6,7,11,16,20
7-0,1,2,4,5,6,7,11,16,19,20
7-1,2,3,4,5,6,7,11,12,16,19,20
7-1,2,3,4,5,6,7,9,11,12,16,19,20,22
-0,1,2,3,4,5,6,7,11,16,20
7-0,1,2,3,4,5,6,7,11,16,19
-0,1,2,3,4,5,6,7,11,16,19
7-0,1,2,3,4,5,6,7,11,16
7-0,1,2,3,4,5,6,7,11,16,19,20
7-0,1,2,3,4,5,6,7,11,12,16,19,20
-0,1,2,3,4,5,7,11,16,19,20
-1,2,3,4,5,6,7,11,16,19
21-0,1,2,4,5,6,7,11,16,19,20
-0,1,2,3,4,5,6,7,11,16,19,20
-0,1,2,3,4,5,6,7,11,16,19,20
7-0,1,2,3,4,5,6,7,11,16,19,20
7-0,1,2,4,5,6,7,11,12,16,19
7-0,1,2,4,5,6,7,11,16,19
-0,1,2,4,5,6,7,9,11,16,19
7-0,1,2,3,4,5,6,7,9,11,16,20
7-0,1,2,4,5,6,7,9,11,16,19,20
7-1,2,4,5,6,7,9,11,16,20
7-0,1,2,3,4,5,6,7,9,11,16,20
-0,1,2,4,5,6,7,9,11,16,20
-1,2,4,5,6,7,9,11,16,17,20
-1,2,4,5,6,7,9,11,16,17,20
-1,2,4,5,6,7,9,11,16,20
-1,2,4,5,6,7,11,12,16,19,20
-0,1,2,4,5,6,7,11,16,20
7-0,1,2,4,5,6,7,11,16,20
7-0,1,2,4,5,6,7,11,16
7-0,1,2,4,5,6,7,11,12,16
-0,1,2,4,5,6,7,11,12,16,20
-0,1,2,4,5,6,7,11,16,19,20
-0,1,2,4,5,6,7,11,16
-0,1,2,4,5,6,7,11,16,20
-0,1,2,4,5,6,7,11,19,20
-0,1,2,3,4,5,6,7,11,16
17-1,2,3,4,5,6,7,9,11,17
17-0,1,2,4,5,6,7,9,11,17
17-1,2,4,5,6,7,9,11
17-0,1,2,4,5,6,7,9,11,17
17-1,2,4,5,6,7,9,11
17-1,2,4,5,6,7,9,11,17
17-0,1,2,4,5,6,7,9,11,17
17-1,2,4,5,6,7,9,11,12,16
17-0,1,2,4,5,6,7,9,11,12,16,17
17-0,1,2,4,5,6,7,9,11,12
17-1,2,4,5,6,7,9,11,12
17-1,2,4,5,6,7,9,11,12,17
17-1,2,4,5,6,7,9,11,12,17
17-1,2,4,5,6,7,9,11,12,17
-1,2,4,5,6,7,9,11,12,17
17-1,2,4,5,6,7,9,11,12
17-0,1,2,4,5,6,7,9,11,12,17
-1,2,4,5,6,7,9,11,12,19
-1,2,4,5,6,7,9,11,12
17-1,2,4,5,6,7,9,11,12,17
-1,2,4,5,6,7,9,11,12,17
-1,2,4,5,6,7,9,11,12
-1,2,4,5,6,7,9,11,12
-1,2,4,5,6,7,12
-1,2,4,5,6,7,11,12
-1,2,4,5,6,7,9,11,12
-0,1,2,4,5,6,7,11,12
-1,2,4,5,6,7,9,11,12,17
-1,2,4,5,6,7,9,11,12
-1,2,3,4,5,6,7,9,11,12,17
-1,2,3,4,5,6,7,11,12,23
17-1,2,3,4,5,6,7,11,12,23
17-0,1,2,3,4,5,6,7,11,12
17-1,2,4,5,6,7,11,12
17-1,2,4,5,6,7,11,12
17-0,1,2,4,5,6,7,11,12
-0,1,2,4,5,6,7,11,12
17-0,1,2,4,5,6,7,11
17-0,1,2,4,5,6,7,11,12
17-0,1,2,3,4,5,6,7,11
17-0,1,2,4,5,6,7,11
12,22-0,1,2,4,5,6,7,9,11,19
17-0,1,2,4,5,6,7,11,12
17-0,1,2,4,5,6,7,12
17-0,1,2,4,5,6,7,11,12
17-0,1,2,4,5,6,7,9,11,12,17
17-0,1,2,4,5,6,7,11,12
-0,1,2,4,5,6,7,11,12
-0,1,2,4,5,6,7,12,19
-0,1,2,4,5,6,7,11,12
-0,1,2,4,5,6,7,11,12
-0,1,2,4,5,6,7,12
-0,1,2,4,5,6,7,9,11,12
-0,1,2,4,5,6,7,9,11,12
-1,2,4,5,6,7,9,11,12
-1,2,4,5,6,7,9,11,12,13
-2,4,5,6,7,11,12,17
-2,4,5,6,7,11,12,13
-2,4,5,6,7,9,11,12,17
-1,2,4,5,6,7,11,12
-1,2,4,5,6,7,9,11,12,17
-1,2,3,4,5,6,7,11,12
-1,2,4,5,7,11,12,19,25
-1,2,3,4,5,6,7,11,12,25
-1,2,3,4,5,6,7,11,12,25
-1,2,4,5,6,7,11,12,13
-1,2,4,5,6,7,9,11,12
-2,4,5,6,7,11,12
-2,4,5,6,7,12,25
-2,4,5,6,7,12,25
-2,4,5,6,7,11,12,25
-2,3,4,5,7,11,12,25
-2,4,5,6,7,11,12,25
-1,2,4,5,6,7,9,11,12,17
-2,4,5,6,7,9,11,12
-2,4,5,6,7,9,11,12
-1,2,3,4,5,6,7,9,11,12
-1,2,4,5,6,7,9,11,12
-1,2,4,5,7,11,12
-0,1,2,4,5,6,7,12
-0,1,2,3,4,5,6,7,9,11,12,17
-1,2,3,4,5,6,7,12
-1,2,3,4,5,6,7,12
-2,4,5,6,7,11,12
-1,2,4,5,6,7,9,12,17
-0,1,2,4,5,6,7,11,12
17-1,2,3,4,5,6,7,11,12
-0,1,2,4,5,6,7,12
-1,2,3,4,5,6,7,11,12
-0,1,2,4,5,6,7,11,12,19
-0,1,2,4,5,6,7,9,11,12
-0,1,2,4,5,6,7,11,12
-0,1,2,4,5,6,7,9,11,12
-2,4,5,6,7,12
-0,2,4,5,6,7,9,11,12,17
-0,1,2,4,5,6,7,11,12
-1,2,3,4,5,6,7,11,12,25
-1,2,4,5,6,7,11,12
-2,4,5,6,7,12,25
-1,2,4,5,6,7,11,12
-1,2,4,5,6,7,9,11,12
-0,1,2,4,5,7,9,11,12
-1,2,4,5,6,7,9,11
-0,1,2,4,5,6,7,11,12
-1,2,4,5,6,7,12
-0,1,2,4,5,6,7,9,11,12,17
-0,1,2,4,5,6,7,11,12,17
-0,1,2,4,5,6,7,9,11,12
-0,1,2,4,5,6,7,9,11,12
-0,1,2,4,5,6,7,11,12
-1,2,3,4,5,6,7,11,12
-0,1,2,4,5,6,7,11,12
19-0,1,2,4,5,6,7,12,19
19-0,1,2,3,4,5,6,7,11
-0,1,2,4,5,6,7,11
-0,1,2,4,5,6,7,11,12
-0,1,2,4,5,6,7,9,11,12,19
-0,1,2,4,5,6,7,9,11,12
15-0,1,2,4,5,6,7,9,11,12
-0,1,2,4,5,6,7,9,11,12
-0,1,2,4,5,6,7,9,11,12
-0,1,2,4,5,6,7,9,11,12
-0,1,2,4,5,7,9,11,12
-0,1,2,4,5,6,7,9,11,12
-0,1,2,4,5,6,7,9,11,12,19
-0,1,2,4,5,6,7,9,11,12,17
-2,4,5,6,7,11,12,25
-1,2,3,4,5,6,7,11,12,19
-2,4,5,6,7,11,12
-5,7,11,12,17
-2,5,7,11,12,17
-2,5,7,9,12,17,26
-2,5,7,11,12,17
-2,5,7,11,12,17
-2,5,7,11,12,17
-2,5,7,11,12,17,25
-2,5,7,11,12,17
-2,5,7,11,12,17
-2,5,7,12,17
-2,7,12,17,25
-2,5,7,12,17,25
-2,5,7,12,17
-2,7,12,17,20
-2,7,12,17
-2,7,12,17
-2,7,12,17
-2,7,12,17,25
-2,7,12,17
-2,7,12,17,25
-2,5,7,12,17
-2,5,7,11,12,27
-2,5,7,11,12,17
-2,5,7,11,12,17
-2,5,7,11,12,17,27
-2,5,7,11,12,17,27
-5,7,11,12,17
-2,5,7,11,12,17
-2,5,7,11,12,17
-2,5,7,11,12,17
-2,5,7,11,12
-2,5,7,11,12
17-2,5,7,11,12,17
17-2,5,7,11,12,17
17-2,5,7,11,12,17,25
17-2,5,7,11,12,17,25
17-2,5,7,11,12,17
-2,5,7,11,12,17
17-2,5,7,11,12,17
-2,5,7,11,12,17
-2,5,7,11,12,17,25
-2,5,7,11,12
-2,5,7,11,12,17
-2,5,7,11,12,17,25
-2,5,7,11,12
-2,5,7,11,12,17
-2,7,11,12,17,25
-2,5,7,11,12,17
-2,5,7,11,12,17,25
17-2,5,7,11,12,17,25
-2,5,7,11,12,17
-1,2,5,7,11,12,17
-1,5,7,11,12,17
-1,2,5,7,11,12,17
-1,2,5,7,11,12,17
17-1,2,5,7,11,12,17,25
22-1,2,5,7,11,12,17
-1,2,5,7,11,12,17
-1,2,5,7,11,12,17
-1,2,5,7,9,11,12,17,24
-0,1,2,5,7,9,11,12,17
-0,1,2,5,7,9,11,12,17
-0,1,5,7,11,17
-1,2,5,7,11,12,17
-0,1,5,7,9,11,12,17
-0,1,2,5,7,9,11,12,17
-0,1,2,5,7,9,11,12,17,24
-0,1,2,7,11,12,17
-0,1,2,5,7,9,11,12,17
-1,2,5,7,11,12,17
-0,1,2,5,7,9,11,12,17
-0,1,2,5,7,9,11,12,17
-0,1,2,5,7,9,11,17
-0,1,2,5,7,9,11,12,16,17
-0,1,2,7,11,12,16,17
-1,2,5,7,11,12,16,17
-1,2,3,5,7,9,11,12,17
-1,2,5,7,11,12,17
-1,2,5,7,9,11,12,17
-1,2,5,7,11,12,17
-0,1,2,5,7,9,11,12,17
-0,1,2,5,7,9,11,12,17
-0,1,2,5,7,9,11,12,17
-1,2,5,7,9,11,12,17,24
-1,2,5,7,11,12,17
-0,1,2,5,7,11,12,17
17-1,2,5,7,11,12,17
17-0,1,2,5,7,9,11,12,17
-0,1,2,5,7,11,12,17
-0,1,2,5,7,9,11,12,17
-1,2,7,9,11,12,17
-0,1,2,5,7,9,11,12,17
-0,1,5,7,9,11,12,17
-0,1,2,5,7,11,12,17,24
-0,1,2,5,7,11,12,17
17-0,1,2,5,7,9,11,12,17
-1,2,5,7,9,11,12,17
22-1,2,3,5,7,11,12,17,25
22-2,5,7,11,12,17
-1,2,5,7,11,12,17,24
-0,1,2,3,5,7,9,11,12,17
-0,1,2,5,7,9,11,17,24
-1,2,5,7,9,11,12,17,24
-0,1,2,3,5,7,11,12,17,24
-1,2,5,7,11,12,17
-1,2,5,7,11,12,17
-1,2,5,7,9,11,12,17
22-1,2,5,7,11,12,17
22-1,2,3,5,7,11,12,17,25
22-1,2,3,5,7,11,12,17,25
22-2,3,5,7,9,11,12,17,25
-1,2,3,5,7,9,11,12,17,25
-1,2,3,5,7,11,12,17
22-1,2,3,5,7,11,12,17,25
22-1,2,5,7,9,11,12,17,25
22-2,3,5,7,9,11,12,13,17
22-2,3,5,7,11,12,17,20,25
22-1,2,5,7,11,12,17,25
22-2,5,7,11,12,17
22-1,2,5,7,11,12,17,25
22-1,2,3,5,7,11,12,17,24,25
22-1,2,3,5,7,11,12,17,24,25
-1,2,3,5,7,9,11,12,17,25
22-2,5,7,11,12,17
22-2,3,5,7,11,12,17,25
22-1,2,5,7,9,11,12,17,25
-2,5,7,9,11,12,17,25
22-1,2,5,7,11,12,17,20,25
22-1,2,3,5,7,11,12,17
22-1,2,3,5,7,11,12,17,25
22-2,3,5,7,11,12,17,25
22-1,2,5,7,11,12,17,20,25
22-2,3,5,7,11,12,17,25
-1,2,3,5,7,11,12,17,20,25
-2,5,7,11,12,17,25
-2,5,7,11,12,17
-1,2,3,5,7,11,12,17
22-2,5,7,11,12,17,25
22-2,3,5,7,11,12,17,25
22-1,2,3,5,7,9,11,12,17,25
22-2,3,5,7,9,11,12,17,25
-1,2,3,5,7,9,11,12,24,25
22-1,2,3,5,7,11,12,17,25
22-1,2,3,5,7,9,11,12,17,25
22-2,3,5,7,11,12,17,24,25
22-2,3,5,7,9,11,12,17,25
22-1,2,3,5,7,11,12,17,25
22-1,2,3,5,7,11,12,17
-2,3,5,7,9,11,12,17,20
22-1,2,3,5,7,11,12,17,24
22-1,2,3,5,7,11,12,17
22-2,3,5,7,10,11,12,17,25
22-1,2,3,5,7,10,11,12,17,24
22-1,2,3,5,7,11,12,17,24
-2,3,5,7,10,11,12,17
22-1,2,3,7,10,11,12,17,24
22-2,3,5,7,11,12,17,24
22-2,3,5,7,11,12,17,24
22-1,2,3,5,7,9,11,12,17,24
22-1,2,3,5,7,11,12,17,24
22-2,3,5,7,11,12,17
22-2,3,5,7,11,12,17
22-1,2,3,5,7,11,12,17,24
22-1,2,3,5,7,10,11,17,23,24
22-1,2,3,5,7,11,12,17,20,24
22-1,2,3,5,7,11,12,17,24
22-2,3,5,7,11,17,23
22-1,2,3,5,7,11,12,17,24
22-1,2,3,5,7,11,12,17
22-1,2,3,5,7,9,11,12,17
22-1,2,3,5,7,11,17,20,22,24
22-2,3,5,7,10,11,12,17
22-2,3,5,7,10,11,12,17,24
-2,3,5,7,10,11,12,17,23,24
22-1,2,3,5,7,11,12,17,23
22-1,2,3,5,7,11,12,17,23
22-2,3,7,10,11,12,17,24,25
22-2,3,5,7,10,11,12,17,22
7,22-2,5,7,11,12,17,20,22
7,22-2,5,7,11,17,20,22
7-1,2,3,7,11,12,17,20,22
7,22-1,2,5,7,11,20,22,23
7,22-1,2,3,5,7,11,20,22,23
7,22-1,2,3,7,12,17,20,22
7,22-1,2,3,5,7,11,17,20,22,23,24
7,22-1,2,3,5,7,9,11,17,20,22
-2,3,5,7,11,17,22
7,22-2,3,5,7,11,17,20,22
7,22-2,3,5,7,11,17,22
7-1,2,3,5,7,11,17,20,22,24
7,22-1,2,3,7,11,17,22,24
22-2,3,5,7,11,12,17,22,24
22-2,3,5,7,11,12,17,22
23-2,3,7,11,12,17,22,23,28
22,23-1,2,3,7,11,12,17,22,23
22,23-2,3,7,11,12,17,22,23
22-2,3,7,11,12,17,20,22,23
22-1,2,7,11,12,17,20,22,26
22,23-2,3,7,11,12,17,20,22,23
22,23-1,2,3,7,10,12,23
22-2,3,7,10,12,23,27
22,23-2,3,7,10,12,23,24,27
22,23-2,3,7,10,12,17,23,26,27
22,23-1,2,3,7,10,11,12,17,20,22,23,26
22,23-1,2,3,7,11,12,20,22
22-2,7,12,17,20,22,26
7,22-1,2,3,7,11,12,17,20,22,26
22,23-1,2,7,11,12,17,22,23,24
-2,3,7,11,12,17,22,26
-1,2,7,12,17,26
22-2,7,11,12,17
22-1,2,3,7,12,17,22
-1,2,3,7,12,17
-1,2,3,7,10,12,17,22
22-2,3,7,10,12,17,22
-2,7,12,20,22,26
-2,7,12,17,20,22
-2,7,12,17,20,22,23
-0,1,2,7,12,22
-0,1,2,12,22
-0,1,2,7,12
-0,7,12,22
-0,1,7,21,29
-0,7,8,12,21,22,29
-0,1,7,12,21,29
-0,1,7,12,21,29
-1,12,21,28
-0,1,12,21,28
15-0,1,7,12,21,29
-7,12
-0,7,12
-0,7,12
-0,7,12
-0,7,12
-0,1,7,12,21,29
-0,7,12
-0,1,7,11,12,21
-7,12,28
-0,1,2,7,12
-0,7,11,12
-0,7,12
-0,7,10,11,12
-0,7,10,11,12,24
-0,7,11,12
22,23-0,2,7,10,12,22,23,24,27
23-0,1,2,3,7,10,12,23,24,27
-0,1,2,3,7,10,12,23,24,27
23-0,1,2,3,7,10,12,23,24,27,30
23-0,1,2,3,7,10,12,23,24,27
22,23-0,1,2,7,10,12,23,24,27
23-0,1,2,3,7,10,12,23,24,27
23-0,1,2,3,7,10,12,23,24,25,27
23-0,1,2,3,7,10,12,23,24,27
23,24-0,1,2,3,7,10,12,23,24,27
23-0,1,2,3,7,10,12,23,24,27,30
23-0,1,2,3,7,10,12,23,24,27
23-0,1,2,3,7,10,12,16,23,24,27,30
23,24-0,1,2,3,7,10,12,23,24,25,27
22-0,1,2,3,7,10,12,23,24,27,30
22,23-0,1,2,3,7,10,12,23,24
22,23-0,1,2,3,7,10,12,23,27
22,23-0,1,2,3,7,10,12,23,24,27,30
22,23-0,1,2,3,7,10,12,23,24,25,27
22,23-0,2,3,7,10,12,23,24,27,30
22,23-0,1,2,3,7,10,12,23,27
23-2,3,7,12,23,27,30
23-2,7,10,12,23,30
22,23-2,3,7,10,12,23,24,27
17,23-2,3,7,12,23,24,27,30
23-2,3,7,10,12,23,24,25,27
17,23-2,7,12,23,24,27
23-2,7,12,17,23,27
17,23-2,3,7,12,17,23,24,25,27
23-2,3,7,12,17,23,25,27
23-2,7,12,17,23,25,27
23-2,7,12,17,23,27
23-2,7,12,17,23,27
23-2,7,12,17,23,25,27
23-2,7,12,17,23,27
17,23-2,7,12,17,23,27
23-2,3,7,12,17,23,27
23-2,7,12,17,23,27
23-2,7,12,17,23,27
23-2,7,12,17,23,27
23-2,7,12,23,27
23-1,2,7,12,17,23,25,27
23-2,7,12,17,23,27
23-2,7,12,17,23,24,25,27
-2,7,12,27
23-2,7,12,17,23,27
