 ####
 #altura   6.00000000000000      minimo           1
  
  0.000000000000000E+000   6.00000000000000     
   1000.00000000000        6.00000000000000     
  
   1000.00000000000        6.00000000000000     
   1000.00000000000        6.00000000000000     
  
 #altura  -5.00000000000000      minimo           2
  
  0.000000000000000E+000  -5.00000000000000     
   9.00000000000000       -5.00000000000000     
  
   9.00000000000000       -5.00000000000000     
   9.00000000000000        6.00000000000000     
  
 #altura  -1.00000000000000      minimo           3
  
  0.000000000000000E+000  -1.00000000000000     
   8.00000000000000       -1.00000000000000     
  
   8.00000000000000       -1.00000000000000     
   8.00000000000000        6.00000000000000     
  
 #altura  -2.00000000000000      minimo           4
  
  0.000000000000000E+000  -2.00000000000000     
   9.00000000000000       -2.00000000000000     
  
   9.00000000000000       -2.00000000000000     
   9.00000000000000       -5.00000000000000     
  
 #altura   5.00000000000000      minimo           5
  
  0.000000000000000E+000   5.00000000000000     
   7.00000000000000        5.00000000000000     
  
   7.00000000000000        5.00000000000000     
   7.00000000000000       -1.00000000000000     
  
 #altura  -4.00000000000000      minimo           6
  
  0.000000000000000E+000  -4.00000000000000     
   9.00000000000000       -4.00000000000000     
  
   9.00000000000000       -4.00000000000000     
   9.00000000000000       -2.00000000000000     
  
 #altura  0.000000000000000E+000 minimo           7
  
  0.000000000000000E+000  0.000000000000000E+000
   7.00000000000000       0.000000000000000E+000
  
   7.00000000000000       0.000000000000000E+000
   7.00000000000000        5.00000000000000     
  
 #altura  -3.00000000000000      minimo           8
  
  0.000000000000000E+000  -3.00000000000000     
   9.00000000000000       -3.00000000000000     
  
   9.00000000000000       -3.00000000000000     
   9.00000000000000       -4.00000000000000     
  
 #altura   3.00000000000000      minimo           9
  
  0.000000000000000E+000   3.00000000000000     
   7.00000000000000        3.00000000000000     
  
   7.00000000000000        3.00000000000000     
   7.00000000000000       0.000000000000000E+000
  
 #altura   4.00000000000000      minimo          10
  
  0.000000000000000E+000   4.00000000000000     
   2.00000000000000        4.00000000000000     
  
   2.00000000000000        4.00000000000000     
   2.00000000000000        3.00000000000000     
  
 #altura   2.00000000000000      minimo          11
  
  0.000000000000000E+000   2.00000000000000     
   3.00000000000000        2.00000000000000     
  
   3.00000000000000        2.00000000000000     
   3.00000000000000        3.00000000000000     
  
 #altura   1.00000000000000      minimo          12
  
  0.000000000000000E+000   1.00000000000000     
   2.00000000000000        1.00000000000000     
  
   2.00000000000000        1.00000000000000     
   2.00000000000000        2.00000000000000     
  
